Landuse	Araneae	Geophilomorpha	Lithobiomorpha	Scolopendromorpha	Diplopoda	Blattodea	Coleoptera	Dermaptera	Diptera	Hemiptera	Hymenoptera	Lepidoptera	Orthoptera	Psocodea	Diplura	Protura	Isopoda	Collembola	Acari	Symphyla	Stylommatophora	Gordioidea	Acanthodrilidae	Lumbricidae	Megascolecidae
A	0	0	0	0	0	0	0	0	0	0	0	0	0	0	0	0	0	0	0	0	0	0	0	0	0
A	0	0	0	0	0	0	0	0	0	0	0	0	0	0	0	0	0	0	0	0	0	0	1	0	0
A	0	0	0	0	0	0	0	0	0	0	0	0	0	0	0	0	0	0	0	0	0	0	0	0	0
G	0	0	0	0	0	0	0	0	0	0	0	0	0	0	0	0	0	0	0	0	0	0	0	0	0
G	0	0	0	0	0	0	0	0	0	0	0	0	0	0	0	0	0	0	0	0	0	0	0	0	0
G	0	0	0	0	0	0	0	0	0	0	0	0	0	0	0	0	0	0	0	0	0	0	0	0	0
G	0	0	0	0	0	0	0	0	0	0	0	0	0	0	0	0	0	0	0	0	0	0	0	0	0
G	0	0	0	0	0	0	0	0	0	0	0	0	0	0	0	0	0	0	0	0	0	0	0	0	0
G	0	0	0	0	0	0	0	0	0	0	0	0	0	0	0	0	0	0	0	0	0	0	0	0	0
G	0	0	0	0	0	0	0	0	0	0	0	0	0	0	0	0	0	0	0	0	0	0	0	0	0
G	0	0	0	0	0	0	0	0	0	0	0	0	0	0	0	0	0	0	0	0	0	0	0	0	0
G	0	0	0	0	0	0	0	0	0	0	0	0	0	0	0	0	0	0	0	0	0	0	0	0	0
N	0	0	0	0	0	0	0	0	0	0	0	0	0	0	0	0	0	0	0	0	0	0	0	12	1
N	0	0	0	0	0	0	0	0	0	0	0	0	0	0	0	0	0	0	0	0	0	0	0	18	0
N	0	0	0	0	0	0	0	0	0	0	0	0	0	0	0	0	0	0	0	0	0	0	0	11	0
N	0	0	0	0	0	0	0	0	0	0	0	0	0	0	0	0	0	0	0	0	0	0	0	6	0
N	0	0	0	0	0	0	0	0	0	0	0	0	0	0	0	0	0	0	0	0	0	0	0	12	0
N	0	0	0	0	0	0	0	0	0	0	0	0	0	0	0	0	0	0	0	0	0	0	0	0	0
N	0	0	0	0	0	0	0	0	0	0	0	0	0	0	0	0	0	0	0	0	0	0	0	0	0
N	0	0	0	0	0	0	0	0	0	0	0	0	0	0	0	0	0	0	0	0	0	0	0	1	0
N	0	0	0	0	0	0	0	0	0	0	0	0	0	0	0	0	0	0	0	0	0	0	0	0	0
A	0	0	0	0	0	0	0	0	0	0	0	0	0	0	0	0	0	0	0	0	0	0	0	0	0
A	0	0	0	0	0	0	0	0	0	0	0	0	0	0	0	0	0	0	0	0	0	0	0	0	0
A	0	0	0	0	0	0	0	0	0	0	0	0	0	0	0	0	0	0	0	0	0	0	0	6	0
G	0	0	0	0	0	0	0	0	0	0	0	0	0	0	0	0	0	0	0	0	0	0	0	0	0
G	0	0	0	0	0	0	0	0	0	0	0	0	0	0	0	0	0	0	0	0	0	0	0	0	0
G	0	0	0	0	0	0	0	0	0	0	0	0	0	0	0	0	0	0	0	0	0	0	0	0	0
G	0	0	0	0	0	0	0	0	0	0	0	0	0	0	0	0	0	0	0	0	0	0	0	0	0
G	0	0	0	0	0	0	0	0	0	0	0	0	0	0	0	0	0	0	0	0	0	0	0	0	0
G	0	0	0	0	0	0	0	0	0	0	0	0	0	0	0	0	0	0	0	0	0	0	0	0	0
G	0	0	0	0	0	0	0	0	0	0	0	0	0	0	0	0	0	0	0	0	0	0	0	0	0
G	0	0	0	0	0	0	0	0	0	0	0	0	0	0	0	0	0	0	0	0	0	0	0	0	0
G	0	0	0	0	0	0	0	0	0	0	0	0	0	0	0	0	0	0	0	0	0	0	0	0	0
A	0	0	0	0	0	0	0	0	0	0	0	0	0	0	0	0	0	0	0	0	0	0	0	0	0
A	0	0	0	0	0	0	0	0	0	0	0	0	0	0	0	0	0	0	0	0	0	0	0	0	0
A	0	0	0	0	0	0	0	0	0	0	0	0	0	0	0	0	0	0	0	0	0	0	0	0	0
A	0	0	0	0	0	0	0	0	0	0	0	0	0	0	0	0	0	0	0	0	0	0	0	0	0
A	0	0	0	0	0	0	0	0	0	0	0	0	0	0	0	0	0	0	0	0	0	0	0	0	0
A	0	0	0	0	0	0	0	0	0	0	0	0	0	0	0	0	0	0	0	0	0	0	21	1	0
G	0	0	0	0	0	0	0	0	0	0	0	0	0	0	0	0	0	0	0	0	0	0	0	0	0
G	0	0	0	0	0	0	0	0	0	0	0	0	0	0	0	0	0	0	0	0	0	0	0	0	0
G	0	0	0	0	0	0	0	0	0	0	0	0	0	0	0	0	0	0	0	0	0	0	0	0	0
G	0	0	0	0	0	0	0	0	0	0	0	0	0	0	0	0	0	0	0	0	0	0	0	0	0
G	0	0	0	0	0	0	0	0	0	0	0	0	0	0	0	0	0	0	0	0	0	0	0	0	0
G	0	0	0	0	0	0	0	0	0	0	0	0	0	0	0	0	0	0	0	0	0	0	0	0	0
G	0	0	0	0	0	0	0	0	0	0	0	0	0	0	0	0	0	0	0	0	0	0	0	0	0
G	0	0	0	0	0	0	0	0	0	0	0	0	0	0	0	0	0	0	0	0	0	0	0	0	0
G	0	0	0	0	0	0	0	0	0	0	0	0	0	0	0	0	0	0	0	0	0	0	0	0	0
N	0	0	0	0	0	0	0	0	0	0	0	0	0	0	0	0	0	0	0	0	0	0	0	0	0
N	0	0	0	0	0	0	0	0	0	0	0	0	0	0	0	0	0	0	0	0	0	0	0	0	0
N	0	0	0	0	0	0	0	0	0	0	0	0	0	0	0	0	0	0	0	0	0	0	0	0	0
N	0	0	0	0	0	0	0	0	0	0	0	0	0	0	0	0	0	0	0	0	0	0	0	0	0
N	0	0	0	0	0	0	0	0	0	0	0	0	0	0	0	0	0	0	0	0	0	0	0	0	0
N	0	0	0	0	0	0	0	0	0	0	0	0	0	0	0	0	0	0	0	0	0	0	0	0	0
A	0	0	0	0	0	0	0	0	0	0	0	0	0	0	0	0	0	0	0	0	0	0	0	0	0
A	0	0	0	0	0	0	0	0	0	0	0	0	0	0	0	0	0	0	0	0	0	0	0	4	0
A	0	0	0	0	0	0	0	0	0	0	0	0	0	0	0	0	0	0	0	0	0	0	2	4	0
G	0	0	0	0	0	0	0	0	0	0	0	0	0	0	0	0	0	0	0	0	0	0	0	0	0
G	0	0	0	0	0	0	0	0	0	0	0	0	0	0	0	0	0	0	0	0	0	0	2	0	0
G	0	0	0	0	0	0	0	0	0	0	0	0	0	0	0	0	0	0	0	0	0	0	0	0	0
N	0	0	0	0	0	0	0	0	0	0	0	0	0	0	0	0	0	0	0	0	0	0	0	0	0
N	0	0	0	0	0	0	0	0	0	0	0	0	0	0	0	0	0	0	0	0	0	0	0	0	0
N	0	0	0	0	0	0	0	0	0	0	0	0	0	0	0	0	0	0	0	0	0	0	0	0	0
N	0	0	0	0	0	0	0	0	0	0	0	0	0	0	0	0	29	0	0	0	0	0	0	3	0
N	0	0	0	0	0	0	0	0	0	0	0	0	0	0	0	0	0	0	0	0	0	0	0	1	0
N	0	0	0	0	0	0	0	0	0	0	0	0	0	0	0	0	10	0	0	0	0	0	0	0	0
A	0	0	0	0	0	0	0	0	0	0	0	0	0	0	0	0	0	0	0	0	0	0	0	0	0
A	0	0	0	0	0	0	0	0	0	0	0	0	0	0	0	0	0	0	0	0	0	0	0	1	0
A	0	0	0	0	0	0	0	0	0	0	0	0	0	0	0	0	0	0	0	0	0	0	0	0	0
G	0	0	0	0	0	0	0	0	0	0	0	0	0	0	0	0	0	0	0	0	0	0	0	0	0
G	0	0	0	0	0	0	0	0	0	0	0	0	0	0	0	0	0	0	0	0	0	0	0	0	0
G	0	0	0	0	0	0	0	0	0	0	0	0	0	0	0	0	0	0	0	0	0	0	0	0	0
N	0	0	0	0	0	0	0	0	0	0	0	0	0	0	0	0	2	0	0	0	0	0	4	1	6
N	0	0	1	0	0	0	0	0	0	0	0	0	0	0	0	0	4	0	0	0	0	0	0	0	0
N	0	1	2	0	0	0	1	0	0	0	0	0	0	0	0	0	8	0	0	0	0	0	0	0	0
A	0	0	0	0	0	0	2	1	0	0	3	0	0	0	0	0	2	0	0	0	0	0	0	0	0
A	0	0	0	0	0	0	0	0	0	0	0	0	0	0	0	0	1	0	0	0	0	0	0	0	1
A	0	0	0	0	0	0	0	0	0	0	0	0	0	0	0	0	0	0	0	0	0	0	0	0	1
G	0	0	0	0	0	0	0	0	0	0	0	0	0	0	0	0	2	0	0	0	0	0	0	0	0
G	0	0	0	0	1	0	4	0	0	0	0	0	0	0	0	0	3	0	0	0	0	0	0	0	0
G	0	0	0	0	0	0	0	0	0	0	0	0	0	0	0	0	0	0	0	0	0	0	0	0	0
N	1	2	0	0	0	1	2	1	1	2	1	0	0	0	0	0	8	0	0	0	0	0	0	2	1
N	3	1	1	0	1	0	0	0	0	2	0	1	0	0	0	0	2	0	0	0	0	0	0	0	0
N	1	2	4	0	0	2	3	2	0	1	0	1	0	0	0	0	3	0	0	0	0	0	0	0	0
N	0	2	0	0	0	0	0	0	0	0	0	1	0	0	0	0	6	0	0	0	0	0	0	3	0
N	0	4	0	0	3	0	2	0	0	3	0	1	0	0	0	0	24	0	0	0	0	0	0	0	0
N	0	3	0	0	0	0	1	0	0	0	0	2	0	0	0	0	13	0	0	0	0	0	0	1	1
A	0	0	0	0	0	0	0	0	0	0	0	0	0	0	0	0	0	0	0	0	0	0	0	0	0
A	0	0	0	0	0	0	0	0	0	0	0	0	0	0	0	0	0	0	0	0	0	0	0	2	0
A	0	0	0	0	0	0	0	0	0	0	0	0	0	0	0	0	0	0	0	0	0	0	0	0	0
G	0	0	0	0	0	0	0	0	0	0	0	0	0	0	0	0	0	0	0	0	0	0	0	0	0
G	0	0	0	0	0	0	0	0	0	0	0	0	0	0	0	0	0	0	0	0	0	0	0	0	0
G	0	0	0	0	0	0	0	0	0	0	0	0	0	0	0	0	0	0	0	0	0	0	0	0	0
N	0	0	0	0	0	0	0	0	0	0	0	0	0	0	0	0	0	0	0	0	0	0	0	0	0
N	0	0	0	0	0	0	0	0	0	0	0	0	0	0	0	0	0	0	0	0	0	0	0	1	0
N	0	0	0	0	0	0	0	0	0	0	0	0	0	0	0	0	0	0	0	0	0	0	0	2	1
N	0	0	0	0	0	0	0	0	0	0	0	0	0	0	0	0	21	0	0	0	0	0	0	0	0
N	0	0	0	0	0	0	0	0	0	0	0	0	0	0	0	0	2	0	0	0	0	0	0	0	0
N	0	0	0	0	0	0	0	0	0	0	0	0	0	0	0	0	9	0	0	0	0	0	0	0	0
A	0	0	0	0	0	0	0	0	0	0	0	0	0	0	0	0	0	0	0	0	0	0	0	0	0
A	0	0	0	0	0	0	0	0	0	0	0	0	0	0	0	0	0	0	0	0	0	0	0	0	0
A	0	0	0	0	0	0	0	0	0	0	0	0	0	0	0	0	0	0	0	0	0	0	0	0	0
G	0	0	0	0	0	0	0	0	0	0	0	0	0	0	0	0	0	0	0	0	0	0	0	0	0
G	0	0	0	0	0	0	0	0	0	0	0	0	0	0	0	0	0	0	0	0	0	0	0	0	0
G	0	0	0	0	0	0	0	0	0	0	0	0	0	0	0	0	0	0	0	0	0	0	0	0	0
N	0	0	0	0	0	0	0	0	0	0	0	0	0	0	0	0	0	0	0	0	0	0	0	0	0
N	0	0	0	0	0	0	0	0	0	0	0	0	0	0	0	0	0	0	0	0	0	0	0	5	0
N	0	0	0	0	0	0	0	0	0	0	0	0	0	0	0	0	0	0	0	0	0	0	0	0	0
N	0	0	0	0	0	0	0	0	0	0	0	0	0	0	0	0	0	0	0	0	0	0	0	0	0
N	0	0	0	0	0	0	0	0	0	0	0	0	0	0	0	0	0	0	0	0	0	0	0	4	0
N	0	0	0	0	0	0	0	0	0	0	0	0	0	0	0	0	0	0	0	0	0	0	0	0	0
A	0	0	0	0	0	0	0	0	0	0	0	0	0	0	0	0	0	0	0	0	0	0	0	0	0
A	0	0	0	0	0	0	0	0	0	0	0	0	0	0	0	0	0	0	0	0	0	0	0	0	0
A	0	0	0	0	0	0	0	0	0	0	0	0	0	0	0	0	0	0	0	0	0	0	0	0	0
G	0	0	0	0	0	0	0	0	0	0	0	0	0	0	0	0	0	0	0	0	0	0	0	0	0
G	0	0	0	0	0	0	0	0	0	0	0	0	0	0	0	0	0	0	0	0	0	0	0	1	0
G	0	0	0	0	0	0	0	0	0	0	0	0	0	0	0	0	0	0	0	0	0	0	0	0	0
N	0	0	0	0	0	0	0	0	0	0	0	0	0	0	0	0	0	0	0	0	0	0	0	0	0
N	0	0	0	0	0	0	0	0	0	0	0	0	0	0	0	0	0	0	0	0	0	0	0	0	0
N	0	0	0	0	0	0	0	0	0	0	0	0	0	0	0	0	0	0	0	0	0	0	0	0	0
A	0	0	0	0	0	0	0	0	0	0	0	0	0	0	0	0	0	2	1	0	0	0	0	0	0
A	0	0	0	0	0	0	0	0	0	0	0	0	0	0	0	0	0	0	8	0	0	0	0	0	0
A	0	0	0	0	0	0	0	0	0	0	0	0	0	0	0	0	0	1	3	0	0	0	0	0	0
A	0	0	0	0	0	0	0	0	0	0	0	0	0	0	0	0	0	0	0	0	0	0	0	0	0
A	0	0	0	0	0	0	0	0	0	0	0	0	0	0	0	0	0	0	37	0	0	0	0	0	0
A	0	0	0	0	0	0	0	0	0	0	0	0	0	0	0	0	0	0	26	0	0	0	0	0	0
A	0	0	0	0	0	0	0	0	0	0	0	0	0	0	0	0	0	2	1	0	0	0	0	0	0
A	0	0	0	0	0	0	0	0	0	0	0	0	0	0	0	0	0	0	0	0	0	0	0	0	0
A	0	0	0	0	0	0	0	0	0	0	0	0	0	0	0	0	0	0	14	0	0	0	0	0	0
A	0	0	0	0	0	0	0	0	0	0	0	0	0	0	0	0	0	0	4	0	0	0	0	0	0
A	0	0	0	0	0	0	0	0	0	0	0	0	0	0	0	0	0	0	3	0	0	0	0	0	0
A	0	0	0	0	0	0	0	0	0	0	0	0	0	0	0	0	0	0	0	0	0	0	0	0	0
A	0	0	0	0	0	0	0	0	0	0	0	0	0	0	0	0	0	1	5	0	0	0	0	0	0
A	0	0	0	0	0	0	0	0	0	0	0	0	0	0	0	0	0	0	0	0	0	0	0	0	0
A	0	0	0	0	0	0	0	0	0	0	0	0	0	0	0	0	0	0	1	0	0	0	0	0	0
A	0	0	0	0	0	0	0	0	0	0	0	0	0	0	0	0	0	0	31	0	0	0	0	0	0
A	0	0	0	0	0	0	0	0	0	0	0	0	0	0	0	0	0	0	4	0	0	0	0	0	0
A	0	0	0	0	0	0	0	0	0	0	0	0	0	0	0	0	0	0	0	0	0	0	0	0	0
A	0	0	0	0	0	0	0	0	0	0	0	0	0	0	0	0	0	0	1	0	0	0	0	0	0
A	0	0	0	0	0	0	0	0	0	0	0	0	0	0	0	0	0	0	5	0	0	0	0	0	0
A	0	0	0	0	0	0	0	0	0	0	0	0	0	0	0	0	0	0	3	0	0	0	0	0	0
A	0	0	0	0	0	0	0	0	0	0	0	0	0	0	0	0	0	0	2	0	0	0	0	0	0
A	0	0	0	0	0	0	0	0	0	0	0	0	0	0	0	0	0	0	0	0	0	0	0	0	0
A	0	0	0	0	0	0	0	0	0	0	0	0	0	0	0	0	0	0	1	0	0	0	0	0	0
A	0	0	0	0	0	0	0	0	0	0	0	0	0	0	0	0	0	0	4	0	0	0	0	0	0
A	0	0	0	0	0	0	0	0	0	0	0	0	0	0	0	0	0	0	12	0	0	0	0	0	0
A	0	0	0	0	0	0	0	0	0	0	0	0	0	0	0	0	0	0	1	0	0	0	0	0	0
A	0	0	0	0	0	0	0	0	0	0	0	0	0	0	0	0	0	0	2	0	0	0	0	0	0
A	0	0	0	0	0	0	0	0	0	0	0	0	0	0	0	0	0	0	0	0	0	0	0	0	0
A	0	0	0	0	0	0	0	0	0	0	0	0	0	0	0	0	0	0	13	0	0	0	0	5	0
A	0	0	0	0	0	0	0	0	0	0	0	0	0	0	0	0	0	0	0	0	0	0	0	0	0
A	0	0	0	0	0	0	0	0	0	0	0	0	0	0	0	0	0	0	4	0	0	0	0	1	0
A	0	0	0	0	0	0	0	0	0	0	0	0	0	0	0	0	0	1	18	0	0	0	0	2	0
A	0	0	0	0	0	0	0	0	0	0	0	0	0	0	0	0	0	0	0	0	0	0	0	3	0
A	0	0	0	0	0	0	0	0	0	0	0	0	0	0	0	0	0	0	3	0	0	0	0	4	0
A	0	0	0	0	0	0	0	0	0	0	0	0	0	0	0	0	0	1	7	0	0	0	0	0	0
A	0	0	0	0	0	0	0	0	0	0	0	0	0	0	0	0	0	0	1	0	0	0	0	0	0
A	0	0	0	0	0	0	0	0	0	0	0	0	0	0	0	0	0	0	19	0	0	0	1	3	0
A	0	0	0	0	0	0	0	0	0	0	0	0	0	0	0	0	0	0	27	0	0	0	0	2	0
A	0	0	0	0	0	0	0	0	0	0	0	0	0	0	0	0	0	1	10	0	0	0	0	1	0
A	0	0	0	0	0	0	0	0	0	0	0	0	0	0	0	0	0	2	4	0	0	0	0	0	0
A	0	0	0	0	0	0	0	0	0	0	0	0	0	0	0	0	0	3	19	0	0	0	0	1	0
G	0	0	0	0	0	0	0	0	0	0	0	0	0	0	0	0	0	5	32	0	0	0	0	0	0
G	0	0	0	0	0	0	0	0	0	0	0	0	0	0	0	0	0	2	4	0	0	0	0	3	0
G	0	0	0	0	0	0	0	0	0	0	0	0	0	0	0	0	0	0	4	0	0	0	0	2	0
G	0	0	0	0	0	0	0	0	0	0	0	0	0	0	0	0	0	2	3	0	0	0	0	0	0
G	0	0	0	0	0	0	0	0	0	0	0	0	0	0	0	0	0	9	3	0	0	0	0	0	0
G	0	0	0	0	0	0	0	0	0	0	0	0	0	0	0	0	0	0	0	0	0	0	0	0	0
G	0	0	0	0	0	0	0	0	0	0	0	0	0	0	0	0	0	1	0	0	0	0	0	6	0
G	0	0	0	0	0	0	0	0	0	0	0	0	0	0	0	0	0	0	2	0	0	0	0	1	0
G	0	0	0	0	0	0	0	0	0	0	0	0	0	0	0	0	0	0	0	0	0	0	0	7	0
G	0	0	0	0	0	0	0	0	0	0	0	0	0	0	0	0	0	0	1	0	0	0	0	0	0
G	0	0	0	0	0	0	0	0	0	0	0	0	0	0	0	0	0	0	0	0	0	0	0	0	0
G	0	0	0	0	0	0	0	0	0	0	0	0	0	0	0	0	0	0	1	0	0	0	0	0	0
G	0	0	0	0	0	0	0	0	0	0	0	0	0	0	0	0	0	0	1	0	0	0	0	0	0
G	0	0	0	0	0	0	0	0	0	0	0	0	0	0	0	0	0	0	12	0	0	0	0	0	0
G	0	0	0	0	0	0	0	0	0	0	0	0	0	0	0	0	0	0	0	0	0	0	0	0	0
G	0	0	0	0	0	0	0	0	0	0	0	0	0	0	0	0	0	0	8	0	0	0	0	0	0
G	0	0	0	0	0	0	0	0	0	0	0	0	0	0	0	0	0	0	0	0	0	0	0	1	0
G	0	0	0	0	0	0	0	0	0	0	0	0	0	0	0	0	0	3	2	0	0	0	1	0	0
G	0	0	0	0	0	0	0	0	0	0	0	0	0	0	0	0	0	0	1	0	0	0	0	0	0
G	0	0	0	0	0	0	0	0	0	0	0	0	0	0	0	0	0	0	2	0	0	0	0	0	0
G	0	0	0	0	0	0	0	0	0	0	0	0	0	0	0	0	0	0	5	0	0	0	0	0	0
N	0	0	0	0	0	0	0	0	0	0	0	0	0	0	0	0	0	4	146	0	0	0	0	0	0
N	0	0	0	0	0	0	0	0	0	0	0	0	0	0	0	0	0	1	5	0	0	0	5	2	0
N	0	0	0	0	0	0	0	0	0	0	0	0	0	0	0	0	0	4	5	0	0	0	0	3	0
N	0	0	0	0	0	0	0	0	0	0	0	0	0	0	0	0	0	1	3	0	0	0	1	0	0
N	0	0	0	0	0	0	0	0	0	0	0	0	0	0	0	0	0	2	12	0	0	0	0	0	0
N	0	0	0	0	0	0	0	0	0	0	0	0	0	0	0	0	0	8	3	0	0	0	35	1	0
N	0	0	0	0	0	0	0	0	0	0	0	0	0	0	0	0	0	1	4	0	0	0	1	2	0
N	0	0	0	0	0	0	0	0	0	0	0	0	0	0	0	0	0	2	6	0	0	0	0	1	0
N	0	0	0	0	0	0	0	0	0	0	0	0	0	0	0	0	0	0	0	0	0	0	0	0	0
N	0	0	0	0	0	0	0	0	0	0	0	0	0	0	0	0	0	1	2	0	0	0	1	1	0
N	0	0	0	0	0	0	0	0	0	0	0	0	0	0	0	0	0	5	10	0	0	0	6	1	0
N	0	0	0	0	0	0	0	0	0	0	0	0	0	0	0	0	0	2	3	0	0	0	0	3	0
A	0	1	0	0	1	0	3	0	1	3	2	0	0	0	0	3	1	4	19	0	0	0	0	0	0
A	0	0	0	0	4	0	2	0	1	0	0	0	0	0	0	6	4	15	15	0	0	0	0	0	0
A	0	0	0	0	2	0	1	0	0	0	0	0	0	1	0	0	1	1	14	0	0	0	0	0	0
G	0	0	1	0	1	0	4	0	1	5	7	0	0	0	0	0	5	8	8	0	0	0	0	0	0
G	0	0	2	0	0	0	0	0	1	0	1	0	0	0	0	0	7	80	30	0	0	0	0	0	0
G	0	0	0	0	2	0	2	0	0	11	1	0	0	0	0	0	3	32	13	0	0	0	0	0	0
N	0	1	2	0	3	0	1	0	2	48	20	1	0	0	0	0	0	153	123	0	0	0	0	0	0
N	0	1	1	0	0	0	2	2	10	6	18	0	0	0	0	0	14	94	31	0	0	0	0	0	0
N	0	1	1	0	3	0	1	1	6	9	270	3	0	0	0	0	10	45	87	0	0	0	0	0	0
N	0	0	0	0	1	0	1	0	0	0	0	0	0	0	0	0	9	29	44	0	0	0	0	0	0
N	0	0	1	0	0	0	2	0	1	2	15	0	0	0	0	16	29	439	81	0	0	0	0	0	0
N	0	1	1	1	3	0	3	0	0	0	0	0	0	0	0	1	10	24	78	0	0	0	0	0	0
A	0	0	0	0	0	0	0	0	0	2	1	0	0	0	0	0	3	1	4	0	0	0	0	0	0
A	0	0	0	0	0	0	0	0	0	0	0	0	0	0	0	0	0	0	0	0	0	0	0	0	0
A	0	0	0	0	0	0	6	0	1	1	2	0	0	0	0	0	1	1	7	0	0	0	0	0	0
G	0	0	0	0	0	0	0	1	0	2	0	0	0	0	0	0	4	0	7	0	0	0	0	0	0
G	0	0	0	0	0	0	0	0	0	0	0	0	0	0	0	0	13	0	0	0	0	0	0	0	0
G	0	1	0	0	0	0	0	2	0	2	0	0	0	0	0	0	4	6	7	0	0	0	0	0	0
N	0	4	1	0	0	0	0	1	0	0	1	0	0	0	0	5	16	8	65	0	0	0	0	0	0
N	0	1	1	0	5	0	0	1	2	4	1	0	0	0	0	2	16	2	278	0	0	0	0	0	0
N	0	0	0	0	0	0	0	0	1	2	18	0	0	0	0	0	5	3	83	0	0	0	0	0	0
N	0	1	0	0	3	0	0	0	2	2	12	0	0	0	0	0	12	3	31	0	0	0	0	0	0
N	0	0	0	0	0	0	0	0	1	0	0	0	0	0	3	0	9	21	61	0	0	0	0	0	0
N	0	0	0	0	0	0	0	0	1	0	0	0	0	0	0	0	10	14	55	0	0	0	0	0	0
A	0	0	0	0	2	0	1	0	0	0	0	0	0	0	0	0	0	0	0	0	0	0	0	0	0
A	0	1	0	0	2	0	1	0	0	0	0	0	0	0	0	0	0	0	0	0	0	0	0	0	0
A	0	1	0	0	1	0	1	0	1	0	0	0	1	0	0	0	0	0	0	0	0	0	0	0	0
G	1	0	0	0	0	2	47	0	0	13	5	0	0	0	0	0	3	0	0	0	4	0	0	5	0
G	3	0	0	0	0	0	42	0	0	2	5	1	1	0	0	0	0	0	0	0	0	1	0	0	0
G	5	0	0	0	0	0	16	0	0	2	2	0	1	0	0	0	0	0	0	0	0	1	0	1	0
G	0	1	0	0	1	5	13	0	0	0	18	3	0	0	0	0	0	0	0	0	0	0	0	0	0
N	0	0	0	0	3	0	1	0	1	0	0	0	0	0	0	0	0	0	0	0	0	0	0	8	0
N	0	0	0	0	0	0	0	0	0	0	0	0	0	0	0	0	0	0	0	0	0	0	0	12	0
N	0	0	0	0	0	0	2	0	0	0	0	0	0	0	0	0	1	0	0	0	0	0	0	4	0
G	0	2	0	0	0	1	25	0	0	0	4	0	0	0	0	0	0	0	0	0	0	0	0	2	0
G	2	2	0	0	0	0	16	0	0	1	9	4	0	0	0	0	0	0	0	0	1	0	0	7	0
G	1	0	0	0	0	0	6	0	0	0	0	0	0	0	0	0	0	0	0	0	0	0	0	8	0
G	0	0	0	0	0	0	2	0	0	0	0	0	0	0	0	0	0	0	0	0	0	0	1	2	0
A	0	3	0	0	4	0	0	0	0	1	8	0	0	0	0	0	0	0	0	0	1	0	0	8	0
A	1	9	0	0	11	0	0	0	2	1	0	1	0	0	0	0	0	0	0	0	0	0	0	15	0
A	6	1	0	0	10	0	2	0	0	0	1	0	1	0	0	0	0	0	0	0	0	0	0	6	0
G	1	0	0	0	0	0	21	0	0	0	1	0	0	0	0	0	0	0	0	0	0	0	0	14	0
G	0	0	0	0	4	0	0	0	0	0	0	1	0	0	0	0	0	0	0	0	1	2	0	17	0
G	3	1	0	0	1	0	9	0	0	1	57	0	0	0	0	0	0	0	0	0	1	0	0	13	0
G	0	0	0	0	0	0	2	0	0	0	0	0	1	0	0	0	0	0	0	0	0	0	0	19	0
A	0	0	0	0	0	0	0	0	2	1	1	0	1	0	0	0	0	0	0	0	0	0	0	0	0
A	2	0	0	0	0	0	7	0	1	0	0	0	0	0	0	0	0	0	0	0	0	1	0	19	0
A	0	0	0	0	0	0	3	0	0	0	0	0	1	0	0	0	0	0	0	0	0	0	0	3	0
N	2	2	0	0	0	0	7	0	0	0	19	0	0	0	0	0	3	0	0	0	0	3	0	12	0
N	3	0	0	0	0	0	3	0	0	0	41	1	0	0	0	0	0	0	0	0	1	1	0	0	0
N	4	0	0	0	0	0	0	0	0	0	0	0	0	0	0	0	0	0	0	0	0	9	0	4	0
G	0	0	0	0	1	0	10	0	0	0	18	0	0	0	0	0	0	0	0	0	0	0	6	4	0
G	1	0	0	0	0	0	4	0	0	0	0	0	0	0	0	0	0	0	0	0	0	0	4	19	0
G	0	0	0	0	0	0	4	0	0	0	1	0	0	0	0	0	0	0	0	0	0	0	1	1	0
A	0	0	0	0	0	0	0	0	0	0	0	0	0	0	0	0	3	10	2	0	0	0	2	2	0
A	0	0	0	0	0	0	0	0	0	0	0	0	0	0	0	0	12	22	2	0	0	0	1	4	0
A	0	0	0	0	0	0	0	0	0	0	0	0	0	0	0	0	5	2	1	0	0	0	0	3	0
G	0	0	0	0	0	0	0	0	0	0	0	2	0	0	0	0	2	0	5	0	0	0	0	0	0
G	0	0	0	0	0	0	0	0	0	0	6	1	0	0	0	0	11	1	1	0	0	0	0	1	0
G	0	0	0	0	0	0	0	0	0	0	10	0	0	0	0	0	10	23	0	0	0	0	0	0	0
N	0	0	2	0	0	0	17	1	0	2	5	0	0	0	0	0	13	34	16	0	0	0	3	6	0
N	0	0	1	0	0	0	6	1	15	4	5	0	0	0	0	0	9	9	3	0	0	0	4	11	0
N	0	0	1	0	0	0	6	0	7	5	3	0	0	0	0	0	2	11	27	0	0	0	0	0	0
N	0	0	0	0	0	0	4	1	3	17	0	0	0	0	0	0	14	0	0	0	0	0	6	2	6
N	0	0	0	0	2	0	6	0	9	12	15	0	0	0	0	0	21	1	77	0	0	0	0	11	0
N	0	2	0	0	1	0	7	1	7	12	20	0	0	0	0	0	9	19	29	0	0	0	0	0	0
A	0	0	0	0	0	0	0	0	0	0	0	0	0	0	0	0	3	7	34	2	0	0	0	0	0
A	0	0	2	0	0	0	0	0	0	0	0	0	0	0	0	0	9	7	15	3	0	0	0	23	0
A	0	0	0	0	0	0	0	0	0	0	1	0	0	0	0	0	5	7	9	0	0	0	0	0	0
G	0	0	0	0	0	0	0	0	0	0	2	0	0	0	0	0	9	2	3	0	0	0	3	11	0
G	0	0	0	0	0	0	0	0	0	11	2	0	0	0	0	0	13	3	5	0	0	0	0	0	0
G	0	0	0	0	0	0	0	0	0	2	2	0	0	0	0	0	12	0	69	2	0	0	0	0	0
N	0	0	0	0	0	0	1	0	0	3	14	0	0	0	0	0	8	21	42	0	0	0	0	0	0
N	0	0	0	0	0	0	4	0	0	49	0	0	0	0	0	0	7	17	79	0	0	0	0	0	0
N	0	0	0	0	0	0	1	0	0	2	16	0	0	0	0	0	14	28	14	3	0	0	0	0	0
N	0	0	0	0	0	0	1	0	0	0	0	0	0	0	0	0	9	33	16	2	0	0	12	7	0
N	0	0	0	0	1	0	3	0	1	0	2	0	0	0	0	0	14	3	16	2	0	0	0	0	0
N	0	0	0	0	0	0	3	0	1	0	0	0	0	0	0	0	25	2	14	1	0	0	0	0	0
A	0	0	0	0	0	0	0	0	0	1	0	0	0	0	0	0	4	36	24	1	0	0	0	0	0
A	0	0	0	0	0	0	0	0	0	0	0	0	0	0	0	0	1	4	6	0	0	0	0	0	0
A	0	0	0	0	0	0	0	0	0	0	0	0	0	0	0	0	14	3	12	0	0	0	0	0	0
G	0	0	0	0	0	0	0	0	0	0	0	0	0	0	0	0	13	14	8	2	0	0	0	0	0
G	0	0	0	0	0	0	0	0	0	0	0	0	0	0	0	0	9	12	9	0	0	0	0	0	0
G	0	0	0	0	0	0	0	0	0	0	0	0	0	0	0	0	18	2	7	0	0	0	0	0	0
N	0	0	0	0	0	0	0	0	0	0	9	0	0	0	0	0	12	4	54	0	0	0	0	0	0
N	0	1	0	0	0	0	0	0	0	0	2	0	0	0	0	0	6	156	58	0	0	0	0	0	0
N	0	0	0	0	0	0	3	0	0	1	6	0	0	0	0	0	11	7	9	1	0	0	0	0	0
N	1	0	0	0	0	0	1	0	0	0	0	0	0	0	0	0	14	2	9	1	0	0	0	0	0
N	0	0	0	0	0	0	3	0	0	0	0	0	0	0	0	0	11	3	21	0	0	0	0	0	0
N	1	0	0	0	0	0	2	0	0	0	36	0	0	0	0	0	9	8	12	0	0	0	0	0	0
A	0	0	0	0	0	0	0	0	0	0	0	0	0	0	0	0	0	6	13	0	0	0	0	0	0
A	1	0	0	0	0	0	1	0	0	2	2	0	0	0	0	0	0	1	90	0	0	0	0	0	0
A	0	0	0	0	0	0	0	0	0	0	0	0	0	0	0	0	0	3	32	0	0	0	0	0	0
G	0	0	0	0	0	0	1	0	0	3	0	0	0	0	0	0	0	8	19	0	0	0	0	0	0
G	0	0	0	0	0	0	3	0	0	7	9	0	0	0	0	0	0	13	16	0	0	0	0	0	0
G	0	0	0	0	0	0	0	0	0	4	0	0	0	0	0	0	0	2	28	0	0	0	0	0	0
N	0	0	0	0	0	0	0	0	0	1	15	0	0	0	0	0	0	7	6	0	0	0	0	0	0
N	0	0	0	0	0	0	1	0	0	1	2	0	0	0	0	0	0	0	34	0	0	0	0	0	0
N	0	0	0	0	0	0	8	0	0	0	16	0	0	0	0	0	0	0	145	0	0	0	0	0	0
N	0	0	0	0	0	0	0	0	0	0	0	0	0	0	0	0	0	19	6	1	0	0	0	0	0
N	0	0	0	0	0	0	0	0	0	0	0	0	0	0	0	0	0	2	6	0	0	0	0	0	0
N	0	0	0	0	0	0	0	0	0	0	36	0	0	0	0	0	0	2	3	0	0	0	0	0	0

