Site	Date	Bd	MR0.5	MR5.10	Rh	EC	P	OM	Ph	Ca	Mg	Na	K	N	ARA	SoilResp	Hypogastruridae	Onychiuridae	Isotomidae	Entomobridae	Symphypleona	Dermanyssoidea	Rhodacaroidea	Parasitoidea	Uropodoidea	Veigaioidea	Paratydeoidea	Eupodoidea	Tydeoidea	Tetranychoidea	Scutacaroidea	Trombidioidea	Rhagididae	Brachychthonoidea	Eulohmannioidea	Lohmannioidea	Euphthiracaroidea	Crotoniodea	Oppioidea	Hidrozetoidea	Galumnoidea	Oripodoidea	Parhypochthonioidea	Ceratozetoidea	Hermannioidea	Oribatelloidea	Acaroidea	Astigmata	Astigmata_subadult	Aporrectodea_caliginosa	Aporrectodea_rosea	Aporrectodea_trapezoides	Octolasion_cyaneum	Octolasion_tyrtaeum	Octolasion_lacteum	Microscolex_dubius	Microscolex_phosphoreus	Eukerria_stagnalis	Crassiclitellata_subadults
NG	2009-02	1.41	11	9	0.2	2.76	4.17	4.91	9.61	5.74	2.06	1.86	1.41	0.31	0.19	0.07	0	1	0	0	0	1	0	0	0	0	0	0	0	0	0	0	0	0	0	0	0	0	0	0	0	0	0	0	0	0	0	0	0	0	0	0	0	0	0	0	0	0	0
NG	2009-02	1.33	12	12	0.22	1.77	3.36	3.84	9.15	5.62	2.17	1.81	1.4	0.25	0.17	0.07	0	0	0	0	0	0	0	0	0	0	0	0	0	0	0	0	0	0	0	0	0	0	0	0	1	4	0	0	0	0	0	0	0	0	0	0	0	0	0	0	0	0	1
NG	2009-02	1.54	11.5	19	0.16	3.19	12.1	2.39	8.68	5.9	2	1.73	1.23	0.22	0.02	0.06	65	0	0	0	0	0	0	0	0	0	0	0	0	0	0	0	0	0	0	0	0	0	0	0	0	0	0	0	0	0	0	0	0	0	0	0	0	0	0	0	0	0	0
NG	2009-02	0.8	16	25	0.08	2.72	17.14	1.89	5.98	6.55	1.32	0.93	1.6	0.22	0.14	0.05	0	0	0	0	0	2	0	0	0	0	0	0	0	0	0	0	0	0	0	0	0	1	1	0	1	0	0	0	0	0	0	0	0	0	0	0	0	0	0	0	0	0	1
NG	2009-02	1.25	20	23	0.12	1.48	13.75	5.15	6.5	6.15	1.29	0.96	1.52	0.34	0.2	0	0	0	2	0	0	0	0	0	0	0	0	0	0	0	0	0	0	0	0	0	0	0	1	0	1	2	0	0	0	0	0	0	0	0	0	0	0	0	0	0	0	0	0
NG	2009-02	0.96	11	15	0.12	1.88	10.74	1.97	5.83	5.7	1.37	0.82	1.4	0.31	0.16	0.09	0	0	0	0	0	0	0	0	0	0	0	0	0	0	0	0	0	0	0	0	0	1	0	0	0	0	0	0	0	0	0	0	0	0	0	0	0	0	0	0	0	0	0
NG	2009-02	1.31	22	25	0.11	1.92	8.3	2.54	6.08	6.75	1.79	1.25	1.1	0.28	0.12	0.02	2	0	0	0	0	0	0	0	0	0	0	0	0	0	0	0	0	0	0	0	0	0	0	0	0	0	0	0	0	0	0	0	0	0	0	0	0	0	0	1	0	0	2
NG	2009-02	1.19	16	21	0.13	1.64	14.3	2.29	7.28	6.55	1.9	1	1.25	0.33	0.16	0.09	0	0	1	0	0	0	0	0	0	0	0	0	0	0	0	0	0	0	0	0	0	0	0	0	0	0	0	0	0	0	0	0	0	0	1	0	0	0	0	0	0	0	0
NG	2009-02	0.89	10	12	0.1	0.88	13.56	2.63	5.43	6.35	1.9	1.36	1.23	0.27	0.16	0.09	0	5	0	0	0	0	0	0	0	0	0	0	0	0	0	0	0	0	0	0	0	0	0	0	0	0	0	0	0	0	0	0	0	0	0	0	0	0	0	3	0	0	20
NG	2009-05	1.54	11.5	19	0.16	3.19	12.1	2.39	8.68	5.9	2	1.73	1.23	0.22	0.02	0.06	0	0	0	0	0	0	0	0	0	0	0	0	0	0	0	0	0	0	0	0	0	0	0	0	0	0	0	0	0	0	0	0	0	0	0	0	0	0	0	0	0	0	0
NG	2009-05	1.31	20	20	0.2	2.82	14.3	2.29	8.1	5.5	2.25	1.74	1.56	0.17	0.14	0.05	0	1	0	0	0	0	0	0	0	0	0	0	0	0	0	0	0	0	1	0	0	0	0	0	0	0	1	0	0	0	0	0	0	0	0	0	0	0	0	0	0	0	0
NG	2009-05	1.46	14.75	14	0.19	3.75	12.6	2.41	8.53	5.65	2.05	2	1.21	0.14	0.03	0.03	1	0	0	0	0	0	0	0	0	0	0	0	0	0	0	0	0	0	0	0	0	1	1	0	0	0	0	0	0	0	0	0	0	0	0	0	0	0	0	1	0	0	0
NG	2009-05	1.03	16.5	13	0.25	1.16	13.9	2.54	6.82	6.55	1.8	0.91	1.3	0.33	0	0.07	0	1	0	0	0	1	0	0	0	0	0	0	0	0	0	0	0	0	0	0	0	0	0	0	0	0	0	0	0	0	0	0	0	0	0	0	0	0	0	1	0	0	1
NG	2009-05	1.46	8	16.5	0.17	1.7	13.7	2.62	6.9	6.5	1.9	0.8	1.41	0.19	0.03	0.05	0	0	0	1	0	1	0	0	0	0	0	0	1	0	0	0	0	0	0	0	0	1	0	0	0	0	0	0	0	0	0	0	0	0	0	0	0	0	0	1	0	0	0
NG	2009-05	1.46	7.5	17.5	0.17	3.2	14.1	2.26	6.7	5.95	1.85	0.87	1.63	0.23	0.03	0.03	0	2	0	0	0	0	0	0	0	0	0	0	0	0	0	0	0	0	0	0	0	0	0	0	0	0	0	0	0	0	0	0	0	0	0	0	0	0	0	0	0	0	0
NG	2009-05	1.17	8.25	12.75	0.23	0.94	12.1	2.52	7.3	6.15	1.6	1.3	1.24	0.26	0	0.03	0	2	0	0	0	0	0	0	0	0	0	0	0	0	0	0	0	0	0	0	0	0	0	0	0	0	0	0	0	0	0	0	0	0	1	0	0	0	0	0	0	0	0
NG	2009-05	1.26	5.5	10	0.21	1.92	12.5	3.8	6.9	6.45	1.95	0.98	1.2	0.43	0.01	0.17	0	2	10	0	0	0	0	0	0	0	0	0	0	0	0	0	0	0	0	0	0	0	0	0	0	3	0	0	0	0	0	0	0	0	0	0	0	0	0	0	0	0	0
NG	2009-05	1.34	10.5	20	0.19	0.9	14.7	2.34	7.3	6.48	1.9	0.88	1.25	0.24	0.03	0.02	0	0	3	0	0	0	0	0	0	1	0	0	0	0	0	0	0	0	0	0	0	0	0	0	0	1	0	0	0	0	0	0	0	1	1	1	0	0	0	0	0	0	1
NG	2009-08	1.33	12	12	0.22	1.77	3.36	3.84	9.15	5.62	2.17	1.81	1.4	0.25	0.17	0.07	0	0	0	0	0	0	0	0	0	0	0	0	0	0	0	0	0	0	0	0	0	0	0	0	0	0	0	0	0	0	0	0	0	0	0	0	0	0	0	0	0	0	1
NG	2009-08	1.41	11	9	0.2	2.76	4.17	4.91	9.61	5.74	2.06	1.86	1.41	0.31	0.19	0.07	0	1	0	0	0	0	0	0	0	0	0	0	0	0	0	0	0	0	1	0	0	0	0	0	0	0	0	0	0	0	0	0	0	0	0	0	0	0	0	0	0	0	0
NG	2009-08	1.46	11.75	9	0.19	1.39	4.58	3.14	9.22	5.82	1.96	1.76	1.22	0.21	0.19	0.11	0	0	0	0	0	0	0	0	0	0	0	0	0	0	0	0	0	0	1	0	0	0	0	0	0	1	0	0	0	0	0	0	0	0	0	0	0	0	0	0	0	0	0
NG	2009-08	1.2	6	8.5	0.23	0.71	3.5	4.88	6.94	6.06	1.78	0.88	1.2	0.28	0.12	0.09	1	1	0	0	0	0	0	0	0	0	0	0	0	0	0	0	0	0	0	0	0	0	0	0	0	0	0	0	0	0	0	0	0	0	0	0	0	0	0	1	0	0	1
NG	2009-08	1.27	7.75	10	0.22	0.67	5.39	3.94	7.09	5.96	1.84	0.74	1.3	0.27	0.19	0.04	0	0	0	0	0	0	0	0	0	0	0	0	0	0	0	0	0	0	0	0	0	0	0	0	0	0	0	0	0	0	0	0	0	0	0	0	0	0	0	1	0	0	1
NG	2009-08	1.35	5	6.5	0.22	0.84	5.18	4.16	6.78	5.72	1.77	0.79	1.37	0.34	0.19	0.1	0	0	0	0	0	0	0	0	0	0	0	0	0	0	0	0	0	0	0	0	0	0	0	0	0	0	0	0	0	0	0	0	0	0	0	0	0	0	0	0	0	0	0
NG	2009-08	1.29	3	4	0.28	0.72	4.91	3.99	7.77	6.19	1.62	1.04	1.08	0.27	0.18	0.09	0	0	0	0	0	0	0	0	0	0	0	0	0	0	0	0	0	0	0	0	0	0	0	0	0	0	0	0	0	0	0	0	0	0	0	0	0	0	0	0	0	0	2
NG	2009-08	1.19	4.25	6	0.23	0.74	7.07	5.91	8.88	6.27	1.68	1.13	1.12	0.32	0.18	0.14	0	0	0	0	0	0	0	0	0	0	0	0	0	0	0	0	0	0	0	0	0	0	0	0	0	0	0	0	0	0	0	0	0	0	0	11	0	0	0	0	0	0	4
NG	2009-08	1.28	6.75	8	0.22	0.74	9.51	5.12	7.81	6.59	1.62	1.17	1.16	0.21	0.38	0.09	0	0	0	0	0	0	0	0	0	0	0	0	0	0	0	0	0	0	0	0	0	0	0	0	0	0	0	0	0	0	0	0	0	0	0	0	0	0	0	1	0	0	2
NG	2009-12	0.74	6.5	6.5	0.2	3.84	17.2	4.97	8.94	8.5	2.3	2.17	2.96	0.17	0.02	0.09	24	3	0	3	0	1	0	0	0	0	0	0	0	0	0	0	0	0	2	0	0	0	0	0	0	0	0	0	0	0	0	0	0	0	0	0	0	0	0	0	0	0	0
NG	2009-12	0.91	18	18	0.18	4.36	7.51	3.28	9.22	9.25	2.02	3.91	2.4	0.17	0.06	0.11	1	0	0	1	0	0	0	0	0	1	0	0	0	0	0	0	0	0	1	0	0	0	1	0	0	0	0	0	0	0	0	0	0	0	0	0	0	0	0	0	0	0	0
NG	2009-12	0.77	4	7	0.28	3.77	9.26	4.78	8.59	9.9	1.96	1.56	2.48	0.21	0.07	0.07	12	0	0	0	1	0	0	0	0	2	0	0	0	0	0	0	0	0	0	0	0	0	0	0	0	1	0	0	0	0	0	0	0	0	0	0	0	0	0	0	0	0	0
NG	2009-12	0.89	3.25	6.5	0.2	1.02	1.22	5.62	6.49	7.72	0.78	1.04	3.3	0.3	0.06	0.09	0	0	0	1	0	0	0	0	0	0	0	0	0	0	0	0	0	0	0	0	0	0	0	0	0	0	0	0	0	0	0	0	0	0	0	0	0	0	0	0	0	0	0
NG	2009-12	1.13	2.5	7.5	0.27	0.79	9.78	4.69	6.98	7.72	1.12	0.92	3.7	0.18	0.06	0.11	0	0	0	0	0	3	0	0	0	0	0	0	0	0	0	0	0	0	0	0	0	0	2	0	0	0	0	0	0	0	0	0	0	0	0	0	0	0	0	0	0	0	4
NG	2009-12	1.09	3.25	3.25	0.27	0.67	1	3.09	6.67	7.72	0.85	1.09	2.19	0.27	0.06	0.1	0	0	0	0	0	0	1	0	0	0	0	0	0	0	0	0	0	0	0	0	0	0	0	0	0	0	0	0	0	0	0	0	0	0	0	0	0	0	0	0	0	0	2
NG	2009-12	1.02	8	8.75	0.26	1.75	2.05	5.81	8.16	9.9	1.72	0.08	1.7	0.18	0.06	0.09	0	0	0	1	0	0	0	0	0	1	0	0	0	0	0	0	0	0	0	0	0	0	0	0	0	0	0	0	0	0	0	0	0	0	3	0	3	0	3	0	0	0	2
NG	2009-12	1.07	4.75	11.5	0.14	0.94	8.54	6.75	6.97	10.2	1.7	0.08	1.74	0.27	0.06	0.09	0	2	0	1	0	0	1	0	0	3	0	0	2	0	0	2	0	0	0	0	0	0	1	0	0	5	1	0	0	0	0	0	0	0	3	0	2	0	0	0	0	0	1
NG	2009-12	0.88	6	7.75	0.21	0.67	11.22	6	6.54	11.05	1.89	0.04	2.26	0.23	0.06	0.11	0	0	0	0	0	4	0	0	0	1	0	0	0	0	0	1	0	0	0	0	0	0	0	0	1	1	1	0	0	0	0	0	0	0	0	0	5	0	3	4	0	0	21
NG	2010-03	1.3	20	20	0.15	4.12	5.55	1.95	8.91	6.5	2.5	2.1	1.9	0.24	0.35	0.08	1	1	0	0	0	0	0	0	0	0	0	0	2	0	0	0	0	0	0	0	0	1	0	0	0	0	0	0	0	0	0	0	0	0	0	0	0	0	0	0	0	0	0
NG	2010-03	1.34	28	30	0.14	3.92	7.72	3.65	9.18	6.15	1.85	2.15	1.6	0.3	0.21	0.04	0	0	3	0	0	0	1	0	0	0	0	1	0	0	0	0	0	0	0	0	0	0	0	0	0	1	1	0	0	0	0	0	0	0	0	0	0	0	0	0	0	0	0
NG	2010-03	1.35	30	30	0.13	2.72	0	2.44	8.96	6.68	1.12	2.02	2	0.2	0.35	0.06	0	0	1	0	0	0	0	0	0	0	0	0	0	0	0	0	0	0	0	0	0	0	0	0	0	1	0	0	0	0	0	0	0	6	0	0	0	0	0	0	0	0	0
NG	2010-03	1.22	1	3	0.23	0.82	5.45	3.41	6.65	7.13	1.23	0.96	1.66	0.32	0.35	0.08	0	0	1	0	0	0	1	0	0	0	0	8	0	0	0	0	0	2	0	0	0	0	4	0	0	2	0	0	0	0	0	0	0	0	0	0	0	0	0	0	0	0	0
NG	2010-03	1.1	5.5	10	0.24	1.04	1.74	6.82	6.4	6.25	1	1.02	2.6	0.41	0.47	0.08	0	3	0	0	0	0	0	0	0	0	0	0	0	0	0	0	0	0	0	0	0	0	0	0	0	1	0	0	0	0	0	0	0	1	0	0	0	0	0	0	0	0	0
NG	2010-03	1.16	8	9	0.2	0.68	1.32	1.71	6.51	7.05	0.95	0.89	2.1	0.27	0.39	0.03	0	4	1	0	0	0	0	0	0	0	0	0	0	0	0	0	0	0	0	0	0	0	0	0	0	1	1	0	0	0	0	0	0	0	0	0	0	0	0	0	0	0	1
NG	2010-03	0.91	6.5	8	0.22	1.06	1.12	5.36	6.64	10	2.1	1	1.6	0.4	0.48	0.08	0	6	1	0	0	0	0	0	0	0	0	0	0	0	0	0	0	0	0	0	0	0	0	0	0	0	0	0	0	0	0	0	0	0	0	0	0	0	0	0	0	0	1
NG	2010-03	0.97	8	10.5	0.3	1.22	9.88	4.87	6.94	9	1.63	0.84	1	0.27	0.36	0.2	1	0	4	0	0	0	0	0	0	0	0	2	0	0	0	0	0	0	0	0	0	0	0	0	0	0	0	0	0	0	0	0	0	0	1	0	1	0	0	2	1	0	1
NG	2010-03	1.2	9.5	12.5	0.2	1.04	0.91	5.85	6.19	10.6	1.85	0.98	1.3	0.33	0.4	0.04	0	12	7	0	0	0	0	0	0	0	0	0	0	0	0	0	0	0	0	0	0	0	0	0	0	1	0	0	0	0	0	0	0	0	0	0	0	0	0	0	1	0	1
NG	2010-06	1.16	4	8.5	0.49	0.55	3.37	8.93	7.45	5.45	1.9	1.74	2.6	0.35	0.15	0.04	0	0	0	0	0	0	0	0	0	0	0	0	0	0	0	0	0	0	0	0	0	0	0	0	0	0	0	0	0	0	0	0	0	0	0	0	0	0	0	0	2	0	0
NG	2010-06	1.43	1	3	0.33	0.53	14.19	4.35	6.89	6.35	1.9	2.01	2.1	0.51	0.18	0.1	0	0	0	0	0	0	0	0	0	0	0	0	0	0	0	0	0	0	1	0	0	0	0	0	0	0	0	0	0	0	0	0	0	0	1	0	0	0	0	0	0	0	3
NG	2010-06	0.9	0.5	3.5	0.64	0.43	12.76	3.28	7.9	5.55	2.05	1.89	2	0.27	0.16	0.11	2	0	6	0	0	0	0	0	0	0	0	1	0	0	0	0	0	0	1	0	0	0	2	0	0	0	0	0	0	0	0	0	0	0	0	0	0	0	0	0	0	0	0
NG	2010-06	1.16	9.25	16.75	0.37	0.36	17.17	5.27	7.45	6.33	1.35	1.15	2.03	0.17	0.07	0.09	0	3	2	0	0	0	0	0	0	0	0	0	0	0	0	0	0	0	0	0	0	0	1	0	0	5	0	0	0	0	0	0	0	0	0	0	0	0	0	0	0	0	0
NG	2010-06	1.44	5.5	10.5	0.3	0.35	19.37	4.17	7.21	6	2.65	1.22	1.55	0.21	0.11	0.1	0	7	0	0	0	0	0	0	0	0	0	1	0	0	0	0	0	0	0	0	0	0	1	0	0	1	0	0	0	0	0	0	0	0	0	0	0	0	0	0	0	0	0
NG	2010-06	1.22	8	11.75	0.37	0.44	21.58	4.93	7.46	8	1.5	0.93	1.9	0.27	0.17	0.1	0	1	1	0	0	0	0	0	0	0	0	0	0	0	0	0	0	0	0	0	0	0	1	0	1	2	0	0	0	0	0	0	0	0	0	0	0	0	0	0	0	0	0
NG	2010-06	1.33	9.5	15.5	0.31	0.58	2.15	4.76	8.73	6.95	1.33	2.02	1.45	0.26	0.16	0.02	0	0	5	0	0	0	0	0	0	0	0	0	0	0	0	0	0	0	0	0	0	0	0	0	0	0	0	0	0	0	0	0	0	0	0	0	0	0	0	0	0	0	0
NG	2010-06	1.25	4.5	8	0.33	0.55	0	5.66	8.46	9.35	1.3	1.35	1.4	0.28	0.25	0.1	0	11	11	0	0	0	0	0	0	0	0	1	0	0	0	0	0	0	0	0	0	0	0	0	0	0	0	0	0	0	0	0	0	0	0	0	0	0	0	7	0	0	0
NG	2010-06	1.23	2.5	8	0.35	0.4	0	6.85	7.29	8.55	1.4	1.4	1.66	0.37	0.13	0.15	4	7	8	0	0	0	0	0	0	0	0	0	0	0	0	0	0	0	0	0	0	0	0	0	0	0	0	0	0	0	0	0	0	0	0	0	0	0	0	3	0	0	3
NG	2010-09	1.33	1.5	6	0.29	0.28	8.65	2.15	7.85	6	1.9	2	1.4	0.17	0.18	0.03	7	0	11	0	0	2	0	0	0	0	0	0	0	0	0	0	0	0	0	0	0	0	0	0	1	8	0	0	0	0	0	0	0	0	0	0	0	0	0	0	0	0	0
NG	2010-09	1.33	1	1	0.28	0.23	5.73	7.33	6.67	5.15	2.05	1.9	1.93	0.42	0.23	0.05	0	5	1	0	0	0	0	0	0	0	0	0	0	0	0	0	0	0	0	0	0	0	0	0	0	5	0	0	0	0	0	0	0	0	0	0	0	0	0	0	4	0	10
NG	2010-09	1.12	1	1	0.47	0.21	16.87	4.8	7.17	5.65	1.6	1.9	3.1	0.19	0.22	0.08	0	1	2	0	0	0	0	0	0	0	0	0	0	0	0	0	0	0	0	0	0	0	0	0	0	1	0	0	0	0	0	0	0	0	0	0	0	0	0	0	0	0	0
NG	2010-09	1.13	13	11	0.38	0.27	7.75	5.06	6.93	5.95	2.5	0.96	1.66	0.27	0.15	0	0	0	1	0	0	0	0	0	0	0	0	0	0	0	0	0	0	0	0	0	0	0	0	0	0	0	0	0	0	0	0	0	0	0	0	0	0	0	0	0	0	0	0
NG	2010-09	1.16	7.5	14	0.35	0.24	2.18	4.3	7.09	7.7	1.18	0.95	1.9	0.18	0.19	0.06	0	1	0	0	0	0	0	0	0	0	0	0	0	0	0	0	0	0	0	0	0	0	0	0	1	0	0	0	0	0	0	0	0	0	0	0	0	0	0	0	0	0	0
NG	2010-09	1.3	4	6.5	0.31	0.15	1.55	3.54	7.03	6.1	1.6	1.1	2	0.3	0.15	0.02	3	20	1	0	0	0	0	0	0	0	0	1	0	0	0	0	0	0	1	0	0	0	0	0	0	1	0	0	0	0	0	0	0	0	0	0	0	0	0	4	0	0	0
NG	2010-09	1.24	5.5	9.5	0.3	0.32	4.55	5.69	8.29	8.5	1.33	0.98	2.03	0.14	0.17	0.1	0	0	2	0	0	1	0	0	0	0	0	0	0	0	0	0	0	0	0	0	0	0	0	0	0	0	0	0	0	0	0	0	0	0	0	0	0	0	0	2	0	0	0
NG	2010-09	1.33	1.5	6	0.26	0.24	4.41	4.05	7.56	8.18	1.39	2.1	1.15	0.17	0.16	0.02	0	0	0	0	0	0	0	0	0	0	0	0	0	0	0	0	0	0	0	0	1	0	0	0	0	0	0	0	0	0	0	0	0	3	0	0	0	0	0	0	0	0	0
NG	2010-09	1.15	3.5	8.5	0.31	0.23	4.75	4.17	8.14	7.8	1.39	1.9	1.7	0.17	0.19	0.04	0	1	7	0	0	0	0	0	0	0	0	0	0	0	0	0	0	0	0	0	0	0	0	0	0	0	0	0	0	0	0	0	0	0	11	0	0	0	0	0	0	0	0
NG	2010-12	0.96	23	30	0.62	0.49	4.48	2.72	6.59	5	2.15	1.65	1.6	0.21	0.15	0.03	0	0	0	0	0	0	1	0	0	0	0	0	0	0	0	0	0	0	1	0	0	0	0	0	0	0	0	0	0	0	0	0	0	0	0	0	0	0	0	0	0	0	0
NG	2010-12	1.29	16	15.5	0.12	0.34	0.3	2.51	7.03	5.65	2.03	1.66	2.45	0.23	0.17	0.02	2	0	0	0	0	0	2	0	0	0	0	0	0	0	0	0	0	0	0	0	0	0	0	0	0	0	1	0	0	0	0	0	0	0	0	0	0	0	0	0	0	0	0
NG	2010-12	1.06	15.5	12.5	0.23	0.36	4.75	2.3	7.15	5.1	2.05	1.8	2.9	0.17	0.13	0.03	0	18	32	0	0	1	2	0	0	0	0	0	1	0	0	0	0	0	0	0	0	0	0	0	0	1	0	0	0	0	0	0	0	0	0	0	0	0	0	0	0	0	2
NG	2010-12	1.1	12	22	0.17	0.42	3.64	3.77	6.34	6.55	2.15	0.89	1.89	0.24	0.16	0.02	2	0	0	0	0	0	1	0	0	1	0	0	0	0	0	0	0	0	0	0	0	0	0	0	0	1	0	0	0	0	0	0	0	0	0	0	0	0	0	0	0	0	4
NG	2010-12	0.81	23	0	0.11	0.42	3.92	2.72	6.67	5.48	1.33	0.98	2.3	0.2	0.15	0.02	1	25	0	0	0	1	0	0	0	0	0	2	0	0	0	0	0	0	0	0	0	0	1	0	0	1	0	1	0	0	0	0	0	0	0	0	0	0	0	0	0	0	1
NG	2010-12	1.4	8	10	0.26	0.54	4.94	2.93	6.57	6.78	1.7	1.6	2.1	0.22	0.17	0.03	0	4	1	0	0	0	3	0	0	0	0	2	0	0	0	0	0	19	0	0	0	0	1	0	1	0	0	0	0	0	0	0	0	0	0	0	0	0	0	0	0	0	2
NG	2010-12	1.12	23	0	0.12	0.31	9.35	6.28	6.07	7.1	1.45	1.8	1.23	0.27	0.14	0.02	0	24	0	0	0	0	1	0	0	0	0	218	0	0	0	0	0	1	0	0	0	0	0	0	0	0	2	0	0	0	0	0	0	0	1	0	0	0	0	1	0	0	2
NG	2010-12	1.22	17	23.5	0.12	0.29	7.63	4.61	6.55	8.45	1.03	1.43	1.98	0.26	0.15	0.03	0	28	3	0	0	0	9	0	0	0	0	0	0	0	0	0	0	0	0	0	0	0	0	0	0	0	0	0	0	0	0	0	0	0	3	0	2	0	0	0	0	0	1
NG	2010-12	1.34	15	20.5	0.14	0.29	9.3	6.07	6.38	8.65	1	1.65	1.98	0.42	0.11	0.03	21	30	25	0	0	0	3	0	0	0	0	0	0	0	0	0	0	0	0	0	0	0	2	0	0	1	0	0	0	0	0	0	0	0	0	0	5	0	3	4	0	0	21
CG	2009-02	0.99	0	1.5	0.26	1.13	9.78	2.73	5.57	5.1	1.6	0.48	1.02	0.37	0.29	0.07	0	1	1	0	0	0	0	0	0	0	0	0	0	0	0	0	0	0	1	0	0	0	2	0	0	2	0	0	0	0	0	0	0	0	0	0	0	0	0	0	0	0	0
CG	2009-02	1.09	0	0	0.29	1.28	26.77	2.34	6.34	4.65	2.05	0.43	1.5	0.28	0.34	0.11	1	1	1	0	0	0	0	0	0	0	0	0	0	0	0	0	0	0	0	0	0	0	0	0	0	0	0	0	0	0	0	0	0	0	0	0	0	0	0	0	0	0	0
CG	2009-02	1.17	0	0	0.26	1.04	6.49	2.61	5.39	2.8	2.1	0.5	1	0.29	0.34	0.11	0	0	0	0	0	0	0	0	0	0	0	0	0	0	0	0	0	0	3	0	0	0	1	0	0	1	0	0	0	0	0	1	0	0	0	0	0	0	0	0	0	0	0
CG	2009-02	0.97	1.5	4	0.25	1.17	21.47	3.11	5.05	5.5	1.83	0.78	1.3	0.31	0.45	0.08	0	0	0	2	0	0	0	0	0	0	0	0	0	0	0	0	0	0	0	0	0	0	0	0	0	0	0	0	0	0	0	0	0	0	0	0	0	0	0	0	0	0	0
CG	2009-02	1.11	1.25	3	0.28	1.2	17.18	2.2	5.8	5.05	1.66	0.76	1	0.4	0.34	0.11	0	0	0	0	0	0	0	0	0	0	0	0	0	0	0	0	0	0	0	0	0	0	0	0	0	0	0	0	0	0	0	0	0	0	0	0	0	0	0	0	0	0	0
CG	2009-02	0.97	0	1.25	0.28	1.08	20.88	2.24	4.71	5.3	1.55	0.85	1.6	0.23	0.34	0.11	0	0	0	0	0	0	0	0	0	0	0	0	0	0	0	0	0	0	0	0	0	0	0	0	0	0	0	0	0	0	0	0	0	0	0	0	0	0	0	0	0	0	0
CG	2009-02	1.05	0.5	2.5	0.24	1.12	17.18	2.56	5.18	6	2	0.74	1.62	0.43	0.38	0.05	2	0	0	0	2	0	0	0	0	0	0	0	0	0	0	0	0	0	0	0	0	1	0	0	0	0	0	0	0	0	0	0	0	0	0	0	0	0	0	0	0	0	0
CG	2009-02	1.04	0.5	1	0.29	1.08	8.68	2.15	5.07	5.15	1.85	0.74	1.8	0.33	0.1	0.06	0	0	0	0	0	0	0	0	0	0	0	0	0	0	0	0	0	0	0	0	0	0	1	0	0	0	0	0	0	0	0	0	0	0	0	0	0	0	0	0	0	0	0
CG	2009-02	1	0	0.5	0.27	1.28	12.11	2.25	5.34	5.3	1.78	0.87	1.89	0.33	0.34	0.11	0	1	1	0	0	0	0	0	0	0	0	0	1	0	0	0	0	0	0	0	0	0	0	0	0	0	0	0	0	0	0	0	0	0	0	0	0	0	0	0	0	0	0
CG	2009-05	1.12	0	4.5	0.21	0.76	12.53	2.61	6.45	5.35	1.55	0.49	1.2	0.36	0.06	0.03	6	1	2	0	0	0	0	0	0	0	0	0	0	0	0	0	0	0	0	0	0	0	2	0	0	0	0	0	0	0	0	0	0	0	0	0	0	0	0	0	0	0	0
CG	2009-05	1.01	5.5	12.5	0.14	0.61	13.65	2.31	6.37	5.28	1.61	0.52	1.24	0.32	0.02	0.04	2	1	1	0	0	0	0	0	0	0	0	0	0	0	0	0	0	0	0	0	0	0	1	0	0	0	0	0	0	0	0	0	0	0	0	0	0	0	0	0	0	0	0
CG	2009-05	1.05	4.5	9	0.19	0.94	12.91	2.4	6.47	5.5	1.82	0.47	1.32	0.36	0.05	0.1	0	0	3	0	0	0	0	0	0	0	0	0	0	0	0	0	0	0	0	0	0	0	1	0	0	2	0	0	0	0	0	0	0	0	0	0	0	0	0	0	0	0	0
CG	2009-05	1.16	7	17.5	0.23	1.06	9.23	2.51	6.65	5.45	1.63	0.62	1.1	0.41	0.07	0.06	1	13	0	0	0	1	0	0	0	0	0	0	0	0	0	0	0	0	0	0	0	0	2	0	0	0	0	0	0	0	0	0	0	0	0	0	0	0	0	0	0	0	0
CG	2009-05	1.06	3	20	0.13	1.08	10.93	2.46	6.41	5.29	1.99	0.78	1.3	0.34	0.07	0.1	0	1	2	0	0	0	0	0	0	0	0	0	0	0	0	0	0	0	0	0	0	0	0	0	0	1	0	0	0	0	0	0	0	0	0	0	0	0	0	0	0	0	0
CG	2009-05	1.12	3	11.5	0.27	1.2	12.1	2.91	6.52	4.65	1.57	0.9	1.45	0.35	0.06	0.11	0	13	0	0	0	2	0	0	0	0	0	0	0	0	8	0	0	0	0	0	0	0	9	0	1	2	0	0	0	0	0	0	0	0	0	0	0	0	0	0	0	0	0
CG	2009-05	1.14	1	4	0.24	1.04	9.7	2.37	5.81	5.5	2	0.95	1	0.36	0.07	0.04	0	8	0	0	0	0	0	0	0	0	0	1	0	0	0	0	0	0	0	0	0	0	1	0	0	0	0	0	0	0	0	0	0	0	0	0	0	0	0	0	0	0	0
CG	2009-05	0.94	1	1.5	0.25	0.82	8.29	2.39	6.07	5.1	1.85	0.93	1.23	0.46	0.04	0.22	0	7	0	0	0	0	0	0	0	0	0	0	0	0	0	0	0	1	1	0	0	0	1	0	0	1	0	0	0	0	0	0	0	0	0	0	0	0	0	0	0	0	0
CG	2009-05	1.08	0	0	0.25	0.9	10.95	2.37	5.85	4.85	1.65	0.81	1.48	0.44	0.05	0.04	2	4	2	0	0	0	0	1	0	0	0	0	0	0	0	0	0	0	0	0	0	0	1	0	0	0	0	0	0	0	0	0	0	0	0	0	0	0	0	0	0	0	0
CG	2009-08	1.05	0	0	0.23	0.68	12.82	6.08	6.1	5.09	1.86	0.48	1.5	0.34	0.1	0.09	9	0	6	0	0	1	0	0	0	0	0	1	0	0	0	0	0	0	1	0	0	0	1	0	0	1	1	0	0	0	0	1	0	0	0	0	0	0	0	0	0	1	0
CG	2009-08	1.04	0	0	0.25	0.52	5.43	5.51	6.76	5.15	1.98	0.56	1.47	0.3	0.12	0.06	83	0	18	0	0	0	0	1	0	0	0	0	0	0	0	0	0	0	1	0	0	0	0	0	0	0	0	0	0	0	0	0	0	0	0	0	0	0	0	0	0	0	0
CG	2009-08	1.3	0.5	0.5	0.24	0.92	5.71	5.23	7.08	4.7	2.02	0.53	1.34	0.27	0.12	0.06	24	0	41	0	0	1	0	0	0	0	0	0	0	0	0	0	0	0	4	0	0	0	0	0	0	0	0	0	0	0	0	0	0	0	4	0	0	0	0	0	0	1	0
CG	2009-08	1.02	0.5	0	0.32	0.44	8.26	5.63	5.19	5.22	1.74	0.86	1.21	0.34	0.08	0.07	2	5	4	0	0	1	0	0	0	0	0	0	0	0	0	0	0	0	0	0	0	0	1	0	0	0	0	0	0	0	0	0	0	0	0	0	0	0	0	0	0	0	2
CG	2009-08	1.19	0.5	0.5	0.24	0.37	6.16	3.86	5.44	5.25	1.9	0.78	1.19	0.25	0.08	0.01	1	0	1	0	0	2	0	0	0	0	0	0	0	0	0	0	0	0	0	0	0	0	3	0	0	0	0	0	0	0	0	0	0	0	0	0	0	0	0	0	0	0	2
CG	2009-08	1.07	0	0.5	0.29	0.54	8.15	4.38	5.67	5.14	1.73	0.78	1.29	0.28	0.12	0.1	2	3	2	0	0	1	0	0	0	0	0	2	1	0	0	0	0	0	0	0	0	0	3	0	0	1	0	0	0	0	0	0	0	0	0	0	0	0	0	0	0	0	10
CG	2009-08	1.06	0	0	0.3	0.49	4.37	6.22	6.09	5.63	2.04	0.84	1.34	0.34	0.21	0.07	7	6	14	0	0	0	0	0	0	0	0	0	0	0	0	0	0	0	0	0	0	0	0	3	0	1	0	0	0	0	0	0	0	0	1	0	0	0	0	0	0	3	0
CG	2009-08	1.09	0.5	0.5	0.21	0.53	3.53	5.97	6.34	5.11	1.97	0.79	1.62	0.25	0.12	0.05	3	3	0	0	0	0	0	1	0	0	0	0	0	0	0	0	0	0	6	0	0	0	1	0	0	0	0	0	0	0	0	0	0	0	0	0	0	0	0	0	0	0	0
CG	2009-08	1.25	0	0	0.36	0.57	16.49	3.99	8.96	5.51	1.97	0.81	1.63	0.22	0.12	0.09	9	0	6	0	0	2	1	0	0	0	0	0	0	0	0	0	0	0	0	0	0	0	0	0	0	0	0	0	0	0	0	0	0	0	1	0	0	0	0	0	0	3	0
CG	2009-12	1.12	0.25	1.75	0.37	1.02	7.2	2.09	6.83	7.05	1.06	0.57	0.66	0.24	0.06	0.04	0	0	0	0	0	0	0	0	0	0	0	0	0	0	0	0	0	0	2	0	0	0	0	0	0	1	0	0	0	0	0	0	0	0	0	0	0	0	0	0	0	0	0
CG	2009-12	0.99	3	6	0.35	0.86	13.08	4.14	6.17	6.45	1.02	0.69	0.73	0.3	0.07	0.08	0	0	1	1	0	0	0	0	0	0	0	0	0	0	0	0	0	0	4	0	0	0	1	0	0	0	0	0	0	0	0	0	0	0	0	0	0	0	0	0	0	2	0
CG	2009-12	1.1	1.5	3	0.41	0.94	10.85	3.11	6.29	6.61	0.89	0.52	0.76	0.24	0.05	0.18	1	0	1	0	0	0	0	0	0	0	0	0	0	0	0	0	0	0	0	0	0	0	2	0	0	1	0	0	0	0	0	0	0	0	0	0	0	0	0	0	0	0	0
CG	2009-12	1	2	6.5	0.43	0.97	51.22	3.86	6.3	4.27	1.06	0.03	1.44	0.39	0.07	0.01	0	0	1	1	1	0	0	0	0	0	0	0	0	0	0	0	0	0	2	0	0	0	0	0	0	0	0	0	0	0	0	0	0	0	0	0	0	0	0	0	0	2	1
CG	2009-12	1.25	0.5	0.75	0.32	1.66	14.83	1.63	7.32	4.34	0.96	1.21	1.1	0.19	0.07	0.01	0	0	0	0	0	0	0	0	0	0	0	1	0	0	0	0	0	0	0	0	0	0	4	0	1	1	0	0	0	0	15	4	0	0	1	0	0	0	0	0	0	1	0
CG	2009-12	0.9	2	4	0.45	0.79	40.01	3.3	6.28	2.83	1.02	0.03	1.8	0.33	0.05	0.03	0	0	0	0	0	0	0	0	0	0	0	0	0	0	0	0	0	0	0	0	0	0	0	0	0	0	0	0	0	0	0	0	0	0	0	0	0	0	0	0	0	3	3
CG	2009-12	1.01	3.75	4.25	0.26	0.72	10.44	3.67	5.97	4	0.86	0.09	0.87	0.3	0.06	0.01	1	0	0	1	0	0	0	0	0	0	0	0	0	0	0	0	0	0	2	0	0	0	0	0	0	0	0	0	0	0	0	0	0	0	0	0	0	0	0	0	0	1	2
CG	2009-12	1.14	6	5	0.28	0.97	14.29	3.77	6.38	3.84	0.56	0.13	0.75	0.29	0.06	0.05	0	0	2	0	0	0	0	0	0	0	0	0	0	0	0	0	0	0	2	0	0	0	3	0	0	0	0	0	0	0	0	0	0	0	0	0	0	0	0	0	0	0	0
CG	2009-12	1.05	6	12.25	0.33	1.03	16.79	4.42	6.02	4.36	0.55	0.05	0.76	0.37	0.04	0.04	0	0	0	0	0	0	0	0	0	0	0	1	0	0	0	0	0	0	2	0	0	0	0	0	0	1	0	0	0	0	0	0	0	0	1	0	0	0	0	0	0	0	1
CG	2010-03	0.97	7	7.25	0.35	1.66	75.78	5.82	7.93	4.45	1.85	0.82	1	0.49	0.24	0.05	0	0	13	0	0	0	0	0	0	0	0	0	0	0	0	0	0	0	1	0	0	0	1	0	0	0	0	0	0	0	0	0	0	0	0	0	0	0	0	0	0	0	1
CG	2010-03	1	6	14.5	0.37	0.85	18.03	5.31	6.01	4.6	1.45	0.75	0.76	0.44	0.28	0.03	0	0	2	0	0	1	0	0	0	0	0	0	0	0	0	0	0	0	0	0	0	0	0	0	0	0	0	0	0	0	0	0	0	0	0	0	0	0	0	0	0	0	0
CG	2010-03	1.22	9	10.5	0.32	0.68	10.19	4.8	6.54	4.56	2.05	0.64	0.65	0.3	0.28	0.08	1	3	0	0	0	1	0	0	0	0	0	3	0	0	0	0	0	0	0	0	0	0	0	0	0	0	0	0	0	0	0	0	0	0	0	0	0	0	0	0	0	1	0
CG	2010-03	1.22	8	15.5	0.27	0.91	16.17	4.05	6.42	5.6	1.42	0.94	1.1	0.28	0.28	0.01	0	0	0	0	0	1	0	0	0	0	0	17	0	0	0	0	0	0	1	0	0	0	1	0	0	1	60	0	0	0	0	44	0	0	0	0	0	0	0	0	0	0	1
CG	2010-03	1.07	7	10	0.21	1.22	20.92	3.79	7.17	4.58	1.45	0.83	1.4	0.27	0.28	0.09	11	0	0	0	0	0	0	0	0	0	0	0	0	0	0	0	0	0	0	0	0	0	1	0	0	0	0	0	0	0	0	0	0	0	0	0	0	0	0	0	0	4	0
CG	2010-03	1.13	10.5	17	0.33	0.42	24.53	4.05	6.55	4.92	1.51	0.64	0.33	0.37	0.28	0.01	5	0	4	0	0	0	0	0	0	0	0	0	0	0	0	0	0	0	0	0	0	0	0	0	0	0	0	0	0	0	0	0	0	0	1	0	0	0	0	0	0	1	0
CG	2010-03	1.16	1.75	5.5	0.35	0.45	8.95	5.82	6.13	5	0.85	1.23	1.08	0.38	0.28	0.05	9	10	68	6	0	1	2	0	0	0	0	1	0	0	0	0	0	0	0	0	0	0	0	0	0	0	0	0	0	0	0	0	0	0	0	0	0	0	0	0	0	1	0
CG	2010-03	1.08	1.5	4.5	0.36	0.42	2.56	4.55	6.83	5.25	0.65	0.87	1.3	0.32	0.28	0.07	4	1	0	0	0	0	1	0	0	0	0	1	0	0	0	0	0	0	0	0	0	0	0	0	0	1	0	0	0	0	0	0	0	0	0	0	0	0	0	0	0	0	0
CG	2010-03	1.07	1.2	4.5	0.44	0.72	12.67	6.57	6.32	5	0.6	0.96	1.12	0.42	0.28	0.07	1	1	15	5	0	1	0	0	0	0	0	14	20	0	0	0	0	0	0	0	0	0	0	0	0	0	0	0	0	0	0	0	0	0	0	0	0	0	0	0	0	0	3
CG	2010-06	1.38	0	2.75	0.37	0.37	4.8	3.87	6.67	5.13	2.05	0.79	1.4	0.24	0.1	0.03	0	0	2	0	0	0	0	0	0	0	0	0	0	0	0	0	0	0	1	0	0	0	1	0	0	0	0	0	0	0	0	0	0	0	0	0	0	0	0	0	0	19	6
CG	2010-06	1.27	0	0.75	0.38	0.3	7.25	4.76	6.28	5	2	0.86	0.98	0.41	0.18	0.1	45	0	7	0	0	1	0	0	0	0	0	2	1	0	0	0	0	0	0	0	0	0	0	0	0	11	0	0	0	0	0	0	0	1	0	0	0	0	0	0	0	0	2
CG	2010-06	1.22	0	1	0.39	0.26	0.92	5.96	6.1	5.05	2.1	1.4	0.7	0.34	0.14	0.1	20	0	3	2	0	0	0	0	0	0	0	1	0	0	0	0	0	0	0	0	0	0	0	0	3	1	0	0	0	0	0	0	0	0	0	0	0	0	0	0	0	0	4
CG	2010-06	1.18	0	0.75	0.45	0.27	50.11	7.44	5.91	4.79	1.6	0.7	1.1	0.39	0.15	0.05	13	0	109	0	0	0	0	0	0	0	0	0	0	0	0	0	0	0	0	0	0	0	0	0	2	41	0	0	0	0	0	0	0	0	3	0	0	0	0	0	0	8	0
CG	2010-06	1.29	0	0.5	0.42	0.3	30.52	4.47	5.94	5.08	1	0.78	1.3	0.27	0.15	0.1	48	0	89	0	0	0	0	0	0	0	0	0	1	0	0	0	0	0	0	0	0	0	0	0	0	2	0	0	0	0	0	0	0	0	0	0	0	0	0	0	0	4	0
CG	2010-06	1.06	0	1	0.42	0.31	3.17	5.96	5.51	5.1	1.6	0.91	0.78	0.29	0.13	0.07	8	0	34	0	0	0	0	0	0	0	0	0	0	0	0	0	0	0	0	0	0	0	0	0	0	0	0	0	0	0	0	0	0	0	1	0	0	0	0	0	0	1	0
CG	2010-06	1.19	1.25	3.25	0.47	0.31	1.94	8.64	5.88	4.08	1.05	0.75	0.97	0.47	0.16	0.06	2	2	0	0	0	0	0	0	0	0	0	3	0	0	0	0	0	0	0	1	0	0	0	0	0	0	0	0	0	0	0	0	0	0	0	0	0	0	0	0	0	1	0
CG	2010-06	1.06	0	1.25	0.79	0.34	5.21	6.25	5.99	4.68	0.8	0.78	1.77	0.41	0.13	0.1	6	2	2	1	1	0	0	0	0	0	0	0	0	0	0	0	0	0	0	0	0	0	0	0	0	0	0	0	0	0	0	0	0	0	0	0	0	0	0	0	0	0	4
CG	2010-06	1.04	0	0	0.43	0.27	3.37	6.85	6.05	4.55	0.7	1.02	1.4	0.47	0.12	0.28	0	4	0	0	0	0	1	0	0	0	0	1	0	0	0	0	0	0	0	0	0	0	0	0	0	0	0	0	0	0	0	0	0	1	0	0	1	0	0	0	0	0	3
CG	2010-09	1.16	4.5	3.5	0.27	0.14	4.2	4.3	5.9	4.88	1	0.8	0.93	0.2	0.14	0.03	1	0	5	0	0	0	0	0	0	0	0	0	0	0	0	0	0	0	0	1	0	0	0	0	0	1	0	0	0	0	0	0	0	0	0	0	0	0	0	0	0	0	3
CG	2010-09	1.17	2.5	4	0.24	0.29	4.34	3.29	7.29	5.5	1	0.9	1	0.21	0.14	0.06	0	0	6	0	0	0	0	0	0	0	0	5	2	0	0	0	0	0	0	0	0	2	0	0	0	5	0	0	0	0	0	0	0	1	6	0	0	0	0	0	0	0	2
CG	2010-09	1.01	0.5	3.5	0.38	0.15	3.36	5.69	5.53	6.05	0.53	0.66	0.98	0.32	0.16	0.1	57	0	29	0	2	1	0	0	0	0	0	0	0	0	0	0	0	0	0	0	0	0	0	0	0	0	0	0	0	0	0	0	0	4	0	0	0	0	0	0	0	2	5
CG	2010-09	1.19	6.5	3.5	0.39	0.16	4.41	5.44	4.92	4.85	0.85	0.8	1.56	0.29	0.12	0.06	88	0	125	0	0	3	0	0	0	0	0	0	0	0	0	0	0	0	0	0	0	2	0	0	0	23	0	0	0	0	0	0	0	0	5	0	0	0	0	0	0	5	11
CG	2010-09	1.1	1.5	3.5	0.3	0.24	7.82	3.54	7.77	5.45	1.05	1.3	1	0.25	0.14	0.06	2	0	4	0	0	0	0	0	0	0	0	0	0	0	0	0	0	0	1	0	0	0	1	0	0	4	1	0	0	0	0	0	1	0	0	0	0	0	0	3	0	9	4
CG	2010-09	1.2	3.5	4	0.33	0.1	5.8	4.05	5.22	5.5	1.15	1.05	0.9	0.19	0.17	0.06	11	1	11	0	0	0	0	0	0	0	0	0	0	0	0	0	0	0	0	0	0	0	1	0	0	1	0	0	0	0	0	0	1	0	6	0	0	0	0	0	0	4	4
CG	2010-09	0.99	0	0	0.37	0.14	5.52	5.56	5.24	5	0.83	1.2	0.96	0.43	0.18	0.05	39	2	49	0	0	0	0	5	0	0	0	7	0	0	0	0	0	0	0	0	0	0	0	0	0	0	0	0	0	0	0	0	0	0	0	0	0	0	0	0	0	5	1
CG	2010-09	1.07	1	3.5	0.37	0.15	4.34	6.19	6.36	4.15	0.73	0.95	1	0.37	0.16	0.02	0	1	1	0	0	0	0	1	0	0	0	5	5	0	0	0	0	0	0	0	0	0	0	0	2	8	0	0	0	0	0	0	0	0	0	0	0	0	0	0	0	0	1
CG	2010-09	1.13	0	6	0.35	0.17	3.36	5.94	5.5	4.9	1	1.07	1.3	0.33	0.18	0.06	21	0	29	0	0	0	0	2	0	0	0	0	0	0	0	0	0	0	0	0	0	0	0	0	0	4	0	0	0	0	0	0	0	0	0	0	0	0	0	0	0	0	2
CG	2010-12	1.14	0	2	0.24	0.51	2.2	1.68	6.32	4.73	1.55	1.1	1.2	0.25	0.15	0	5	3	1	0	0	1	0	0	0	0	0	0	0	0	0	0	0	0	0	0	0	0	0	0	0	0	0	0	0	0	0	0	0	0	0	0	0	0	0	0	0	0	0
CG	2010-12	1.08	0.5	0	0.22	0.49	3.83	5.03	5.9	4.85	1.25	0.89	0.8	0.25	0.15	0.01	0	24	0	0	0	0	0	0	0	0	0	0	0	0	0	0	0	0	0	0	0	0	0	0	0	0	0	0	0	0	0	0	0	0	0	0	0	0	0	0	0	0	1
CG	2010-12	1.19	1	7	0.17	0.45	1.88	2.93	6.47	5.05	1.02	0.67	0.65	0.2	0.1	0.01	0	24	22	0	0	0	0	0	0	0	0	1	0	0	0	0	0	0	0	0	0	1	0	0	0	0	0	0	0	0	0	0	0	0	0	0	0	0	0	0	0	0	0
CG	2010-12	1.12	5	7.5	0.24	0.46	14.13	3.14	6.3	5.4	1.33	0.7	1.1	0.25	0.14	0	0	0	3	0	0	0	0	0	0	0	2	0	0	0	0	0	0	0	0	0	0	0	0	0	0	0	0	0	0	0	0	0	0	0	1	0	0	0	0	0	0	1	0
CG	2010-12	0.83	0	0.5	0.23	0.41	5.68	3.98	5.9	5.6	1.45	0.77	0.68	0.22	0.12	0.01	3	1	0	0	0	0	0	0	0	0	0	0	0	0	0	0	0	0	0	0	0	0	1	0	0	2	0	0	0	0	0	0	0	0	0	0	0	0	0	0	0	3	3
CG	2010-12	1.12	3.5	3	0.27	0.51	4.75	5.23	5.68	4.85	1.6	0.9	0.87	0.29	0.14	0.01	3	1	11	0	0	0	0	0	0	0	0	9	0	0	0	0	0	0	0	0	0	0	0	0	0	1	0	0	0	0	0	0	0	0	0	0	0	0	0	0	0	0	0
CG	2010-12	1.04	2.5	2	0.26	0.32	7.35	3.77	6.12	4.58	0.93	1.05	0.9	0.22	0.15	0.01	1	0	0	0	0	0	0	0	0	0	0	10	0	0	0	0	0	0	0	0	0	0	0	0	0	0	0	0	0	0	0	0	0	0	0	0	0	0	0	0	0	1	2
CG	2010-12	1.08	3.5	4.5	0.27	0.31	4.01	5.23	6.15	4.83	0.95	0.65	1.3	0.28	0.11	0	0	9	0	0	0	0	0	0	0	0	0	0	0	0	0	0	0	0	1	0	0	0	0	0	0	0	0	0	0	0	0	0	1	0	0	0	0	0	0	0	0	0	0
CG	2010-12	1.28	6.5	6.5	0.22	0.42	3.64	4.19	6.21	5.35	1.03	0.95	1.15	0.24	0.14	0.01	0	88	0	0	0	0	0	0	0	0	0	2	0	0	0	0	0	0	0	0	0	0	0	0	0	1	0	0	0	0	0	0	0	0	1	0	0	0	0	0	0	0	1
AG	2009-02	0.94	6	13.5	0.13	2.36	29.7	1.81	5.28	7.28	2.28	0.74	1.1	0.35	0.24	0.07	0	0	0	0	0	0	0	0	0	0	0	0	0	0	0	0	0	0	0	0	0	0	0	0	0	0	0	0	0	0	0	0	0	0	0	0	0	0	0	0	0	0	0
AG	2009-02	1.06	8	6	0.14	1.24	29	2.29	5.3	6.45	1.89	0.63	1.5	0.37	0.11	0.02	0	0	0	0	0	0	0	0	0	0	0	1	0	0	0	0	0	0	1	0	0	0	0	0	0	0	0	0	0	0	0	0	0	0	0	0	0	0	0	0	0	0	0
AG	2009-02	1.23	10	17.5	0.16	2	27.8	1.51	4.95	5.9	1.98	0.65	1.3	0.26	0.11	0.02	0	2	0	0	0	0	0	0	0	0	0	0	0	0	0	0	0	0	0	0	0	0	0	0	0	0	0	0	0	0	0	0	0	0	0	1	0	0	0	0	0	0	0
AG	2009-02	0.92	8.5	11.5	0.14	1.4	37.11	2.4	5.1	5.74	1.95	0.83	1.63	0.27	0.1	0.03	0	0	30	0	0	0	0	0	0	0	0	0	0	0	0	0	0	0	0	0	0	0	0	0	0	1	0	0	0	0	0	0	0	0	0	0	0	0	0	0	0	0	0
AG	2009-02	1.09	8.5	9.5	0.12	1.68	36.9	2.4	5.22	5.35	2.3	0.85	1.52	0.32	0.01	0.02	0	3	0	0	0	0	0	0	0	0	0	0	0	0	0	0	0	0	0	0	0	0	5	0	0	0	0	0	0	0	0	0	0	0	0	1	0	0	0	0	0	0	1
AG	2009-02	1.02	6.5	11	0.11	1.56	30	2.04	5	6.15	1.83	0.94	1.47	0.41	0.11	0.02	0	0	1	0	0	0	0	0	0	0	0	0	0	0	0	0	0	0	0	0	0	0	0	0	0	1	0	0	0	0	0	0	0	0	0	0	0	0	0	0	0	0	0
AG	2009-02	1.37	12.5	19	0.15	1.6	36.5	2.2	5.16	6.38	1.9	0.7	1.23	0.33	0.06	0.02	0	3	1	0	0	0	0	0	0	0	0	0	0	0	0	0	0	0	0	0	1	0	0	0	0	1	0	0	0	0	0	0	0	0	0	0	0	0	0	0	0	0	0
AG	2009-02	1.3	5	6.75	0.14	0.84	31.65	1.55	5.16	7.05	1.87	0.71	1.56	0.26	0.06	0	0	5	0	1	0	0	0	0	0	0	0	1	0	0	0	0	0	0	0	0	0	1	0	0	0	1	0	0	0	0	0	0	0	0	0	0	0	0	0	0	0	0	6
AG	2009-02	1.01	9	16	0.13	1.52	32.5	2.03	5.03	6.37	2.25	0.66	1.98	0.33	0.11	0.02	0	3	1	0	0	0	0	0	0	0	0	0	0	0	0	0	0	0	0	0	0	0	2	0	0	0	0	0	0	0	0	0	0	0	0	2	0	0	0	0	0	0	2
AG	2009-05	1.44	2.75	4.75	0.25	0.89	24.7	2.61	5.5	6.5	2.1	0.72	1.22	0.29	0.03	0.03	0	8	0	0	0	0	1	0	0	0	0	0	0	0	0	0	0	0	0	0	0	0	0	0	0	1	1	0	0	0	0	0	0	0	0	0	0	0	0	0	0	0	10
AG	2009-05	1.31	2.5	4	0.26	1.01	22.6	2.54	5.45	6.4	1.95	0.62	1.6	0.28	0.05	0.1	0	6	3	0	0	0	0	0	0	0	0	0	0	0	0	0	0	0	1	0	0	0	2	0	0	0	0	0	0	0	0	0	0	0	0	0	0	0	0	0	0	0	2
AG	2009-05	1.27	4.5	4.5	0.24	0.73	29.1	2.23	5.5	5.6	1.9	0.65	1.74	0.26	0.05	0.03	0	4	2	0	0	0	0	0	0	0	0	0	0	0	0	0	0	0	1	0	0	0	0	0	0	0	0	0	0	0	0	0	0	0	0	1	1	0	0	0	0	0	2
AG	2009-05	1.33	3.5	3.25	0.27	0.96	34.6	2.58	5.9	6.05	2.35	0.66	1.63	0.35	0.05	0.19	0	17	4	1	0	0	0	0	0	0	1	0	0	0	0	0	0	0	4	0	0	1	2	0	0	0	0	0	0	0	0	0	0	0	0	0	0	0	0	0	0	0	2
AG	2009-05	1.36	2.25	3.25	0.28	0.74	32.6	2.7	5.6	5.95	2.15	0.78	1.64	0.28	0.05	0.02	0	28	7	0	0	0	0	0	0	0	0	0	0	0	0	0	0	0	2	0	0	0	0	0	0	0	0	0	0	0	0	0	0	0	5	0	0	0	0	0	0	0	5
AG	2009-05	1.3	2.75	3.25	0.26	0.78	35.8	2.35	5.8	6.15	2	0.98	1.7	0.34	0.03	0.03	2	9	11	0	0	0	0	0	0	0	0	0	0	0	0	0	0	0	1	0	0	0	0	0	0	0	0	0	0	0	0	0	0	0	1	4	0	0	0	0	0	0	8
AG	2009-05	1.34	1	1.5	0.25	1.3	26.1	2.38	5.5	6	1.77	0.7	1.32	0.27	0.29	0.04	0	0	0	0	0	0	0	0	0	0	0	1	0	0	0	0	0	0	0	0	0	0	1	0	0	0	0	0	0	0	0	0	0	0	1	0	0	0	0	0	0	0	5
AG	2009-05	1.22	2	4	0.26	0.82	29.5	2.48	5.5	6.4	1.85	0.66	1	0.26	0.04	0.03	0	0	1	1	0	0	0	0	0	0	0	0	0	0	0	0	0	0	0	0	0	0	1	0	0	0	0	0	0	0	0	0	0	1	0	0	0	0	0	0	0	0	6
AG	2009-05	1.31	0.5	2.25	0.25	0.76	20.5	2.63	5.8	5.94	1.94	0.8	1.1	0.21	0.05	0.04	0	0	0	0	0	0	0	0	0	0	0	0	0	0	0	0	0	0	0	0	0	0	2	0	0	0	0	0	0	0	0	0	0	3	0	0	0	0	0	0	0	0	11
AG	2009-08	1.29	9.5	14	0.21	0.57	2.82	4.56	6.21	6.58	2.05	0.58	1.24	0.29	0.04	0.02	2	3	0	0	0	0	0	0	0	0	0	0	0	0	0	0	0	0	0	0	0	0	0	0	0	0	0	0	0	0	0	0	0	0	0	0	0	0	0	0	0	0	2
AG	2009-08	1.2	14	13.5	0.19	0.54	2.01	4.74	6.32	6.28	1.94	0.71	1.37	0.35	0.03	0.03	1	7	0	0	0	0	0	0	0	0	0	0	0	0	0	0	0	0	2	0	0	0	0	0	0	0	0	0	0	0	0	0	0	0	0	0	0	0	0	0	0	0	0
AG	2009-08	1.43	3	6.5	0.22	0.59	3.36	4.14	6.14	6.04	2.07	0.6	1.22	0.28	0.03	0.03	11	4	1	0	0	0	2	0	0	0	0	0	0	0	0	0	0	0	0	0	0	0	4	0	0	4	0	0	0	0	0	0	0	0	0	0	0	0	0	0	0	0	0
AG	2009-08	1.31	2.5	4	0.22	0.71	7.41	5.12	6.16	5.83	2.03	0.69	1.33	0.16	0.06	0.03	5	14	1	0	0	0	0	0	0	0	0	0	0	0	0	0	0	0	0	0	0	0	0	0	0	0	0	0	0	0	0	0	0	0	0	12	0	0	0	0	0	0	8
AG	2009-08	1.25	5	6.5	0.24	0.47	8.76	5.2	5.95	6.1	2.02	0.7	1.35	0.35	0.01	0.03	0	1	0	0	0	0	0	0	0	0	0	0	0	0	0	0	0	0	0	0	1	0	0	0	0	6	0	0	0	0	0	0	0	0	0	0	0	0	0	0	0	0	9
AG	2009-08	1.23	7	7.75	0.23	0.84	7.14	5.19	5.74	6.07	1.89	0.7	1.31	0.34	0.03	0.03	0	1	0	0	0	0	1	0	0	0	0	0	0	0	0	0	0	0	0	0	0	0	1	0	0	0	0	0	0	0	0	0	0	0	1	0	0	0	0	0	0	0	4
AG	2009-08	1.22	4	7	0.23	0.49	6.67	3.89	6.1	6.33	1.95	0.71	1.01	0.35	0.02	0.03	0	2	0	0	0	0	0	0	0	1	0	0	0	0	0	0	0	0	0	0	1	0	0	0	0	0	0	0	0	0	0	0	0	0	2	0	0	0	0	0	0	0	2
AG	2009-08	1.21	6.75	9.5	0.27	0.57	11.13	4.04	5.92	6.38	1.94	0.68	1.09	0.19	0.02	0.03	0	0	0	0	0	0	0	0	0	0	0	0	0	0	0	0	0	0	0	0	0	0	0	0	0	4	0	0	0	0	0	0	0	0	0	1	0	0	0	0	0	0	1
AG	2009-08	1.31	3.5	6.25	0.25	0.56	3.09	5.33	6.4	6.15	1.95	0.69	1.07	0.29	0.03	0.03	0	0	1	0	0	0	0	0	0	0	0	0	0	0	0	0	0	0	0	0	0	0	0	0	0	0	0	0	0	0	0	0	0	0	1	0	0	0	0	2	0	0	0
AG	2009-12	1.23	0	0	0.19	0.52	12.15	6.37	5.71	7.5	1.14	0.08	3.4	0.31	0.25	0.26	3	0	0	0	0	0	0	0	0	0	0	0	0	0	0	0	0	0	0	0	0	1	0	0	0	0	0	0	0	0	0	0	0	0	0	0	0	0	0	0	0	0	2
AG	2009-12	0.9	4.5	7	0.17	0.51	26.49	5.43	6.85	5.88	0.84	0.03	2.13	0.26	0.25	0.22	1	1	1	0	0	0	0	0	0	0	0	0	0	0	0	0	0	0	0	0	0	0	1	0	0	6	0	0	1	0	0	0	0	0	0	0	0	0	0	0	0	0	0
AG	2009-12	0.96	2.5	5.25	0.14	0.54	26.49	7.31	6.33	6.6	0.99	0.09	2.5	0.26	0.25	0.04	2	1	0	0	0	2	0	0	0	0	0	0	0	0	0	0	0	0	0	0	0	0	0	0	0	6	0	0	0	0	0	0	0	0	0	0	0	0	0	0	0	0	7
AG	2009-12	1.3	3.25	4.75	0.14	0.66	9.26	4.87	5.49	4.88	0.7	0.09	1.4	0.32	0.25	0.01	0	2	0	0	0	0	0	0	0	0	0	0	0	0	0	0	0	0	0	0	0	2	1	0	1	12	1	0	1	0	0	0	0	0	0	0	0	0	0	0	0	0	1
AG	2009-12	1.29	4	5	0.22	0.55	10.5	5.62	5.44	4.86	0.81	1.1	1.34	0.28	0.25	0.03	0	0	0	1	0	4	1	0	0	0	0	0	0	0	0	0	0	0	0	0	0	0	0	0	0	2	0	0	0	1	0	0	0	0	0	0	0	0	0	0	0	0	7
AG	2009-12	1.16	3.25	4.75	0.21	0.54	6.89	6.09	5.43	4.67	0.61	0.09	1.32	0.32	0.25	0.16	0	0	0	1	0	0	0	0	0	1	0	0	0	0	0	0	0	0	0	0	0	0	0	0	0	0	0	0	0	0	0	0	0	0	0	0	0	0	0	0	0	0	2
AG	2009-12	1.2	1.5	1.5	0.19	0.61	15.66	6.65	5.61	8.15	1.36	0.08	2.33	0.26	0.25	0.03	0	0	0	0	0	0	0	0	1	1	0	0	0	0	0	0	0	0	0	0	0	2	0	0	0	35	0	1	0	0	0	0	0	0	0	0	0	0	0	0	0	0	0
AG	2009-12	1.04	2	6.25	0.37	0.74	54.64	5.72	5.77	6.45	1.45	0.09	2.1	0.27	0.25	0.06	2	4	0	3	0	0	0	0	0	0	0	0	0	0	0	0	0	0	0	0	0	0	1	0	0	0	0	0	0	0	0	0	0	0	0	0	0	0	0	0	0	0	0
AG	2009-12	1.16	2	5	0.19	0.64	24.42	5.9	5.87	6.25	0.89	0.19	2.89	0.24	0.25	0.05	1	0	0	0	0	0	0	0	0	0	0	0	0	0	0	0	0	0	0	0	0	1	0	0	0	0	1	0	0	0	0	0	0	0	0	0	0	0	0	0	0	0	1
AG	2010-03	1.26	6.5	11	0.21	0.87	1.52	5.12	6.03	5.95	0.48	0.79	1.2	0.33	0.28	0.04	0	0	1	0	0	0	1	0	0	0	0	11	1	0	0	0	0	0	0	0	0	1	2	0	0	2	0	0	0	0	0	0	0	6	0	0	2	0	0	0	0	0	6
AG	2010-03	1.17	2	6	0.25	0.65	4.42	5.12	5.91	5.75	0.67	1.2	1.6	0.36	0.28	0.03	22	19	27	9	0	1	1	0	0	0	0	21	0	0	0	0	0	0	0	0	0	0	0	0	0	0	0	0	0	0	0	0	0	3	0	0	0	0	0	0	0	0	13
AG	2010-03	1.24	4	5	0.25	0.55	0.09	4.87	6.1	5.5	0.51	0.72	2.6	0.35	0.31	0.09	1	11	3	0	0	1	1	0	0	0	0	1	3	0	0	0	0	0	0	0	0	0	1	0	0	0	0	0	0	0	0	0	0	0	0	0	0	0	0	0	0	0	23
AG	2010-03	1.09	7	6	0.24	0.75	0	4.39	6.83	6.05	0.88	0.67	1.52	0.33	0.31	0.07	0	23	3	0	0	0	4	0	0	0	0	46	43	0	0	0	0	0	0	0	1	0	0	0	0	2	45	0	0	0	0	0	0	0	0	0	0	0	0	0	0	0	5
AG	2010-03	1.17	4.5	5	0.26	0.67	3.59	4.39	5.52	4.6	0.85	0.85	1.55	0.32	0.3	0.02	10	21	12	0	2	0	3	0	0	0	0	10	0	0	0	0	0	0	0	0	0	3	3	0	0	4	0	0	0	0	0	0	0	4	0	0	0	0	0	0	0	0	14
AG	2010-03	1.23	5.5	9.5	0.21	0.69	0	4.87	6.65	5.05	0.8	1.01	1.9	0.38	0.4	0.08	1	42	10	2	0	0	0	0	0	0	0	0	0	0	0	0	0	0	1	0	0	0	0	0	0	1	0	0	0	0	0	0	0	4	11	0	0	0	0	0	0	0	0
AG	2010-03	1.18	3.5	3.5	0.21	0.66	2.97	4.87	6.18	4.78	0.49	0.7	1.2	0.35	0.31	0.04	0	1	7	0	0	1	2	0	0	0	0	3	0	0	0	0	0	1	0	0	0	0	1	0	0	5	0	0	0	0	0	0	0	6	0	0	0	0	0	0	0	0	2
AG	2010-03	1.17	0.5	2.25	0.2	0.45	2.87	4.39	7.05	5.95	1.33	0.63	2.06	0.32	0.37	0.01	0	1	2	0	0	0	0	0	0	0	0	4	0	0	0	0	0	0	0	0	0	0	0	0	0	0	0	0	0	0	0	0	0	0	5	0	0	0	0	0	0	0	0
AG	2010-03	1.3	1.25	1.75	0.25	0.47	0	3.65	5.84	7.08	0.89	0.8	1.66	0.23	0.31	0.01	0	7	0	0	0	0	0	0	0	1	0	1	0	0	0	0	0	0	0	0	0	0	0	0	0	2	1	0	0	0	0	0	0	0	0	0	0	0	0	0	0	0	2
AG	2010-06	1.31	0	3.5	0.37	0.31	6.23	7.25	6.22	6.5	1.51	0.73	1.96	0.33	0.09	0.01	6	4	6	0	0	0	1	0	0	1	0	4	0	0	0	0	0	2	0	0	0	0	1	0	2	13	1	0	0	0	0	0	0	0	0	0	0	0	0	0	0	0	0
AG	2010-06	1.2	5.75	8.5	0.35	0.32	4.8	6.66	6.43	6.7	1.63	0.65	2.3	0.33	0.07	0.07	16	25	44	0	1	0	1	0	0	0	0	1	0	0	0	0	0	0	1	0	0	0	0	0	0	1	0	0	0	0	0	0	0	0	0	0	0	0	0	0	0	0	0
AG	2010-06	1.26	3.5	9.75	0.32	0.29	3.37	6.37	6.27	6.18	1.23	0.61	1.66	0.34	0.12	0.11	102	12	9	0	0	0	3	0	0	0	0	1	0	0	0	0	0	0	0	0	0	0	1	0	0	0	0	0	0	0	0	0	0	0	0	0	0	0	0	0	0	0	0
AG	2010-06	1.21	5.5	5	0.35	0.32	0	9.23	6.3	4.53	0.95	0.9	1.89	0.31	0.1	0.05	0	19	8	5	0	0	0	0	0	0	0	0	0	0	0	0	0	0	0	0	1	0	0	0	1	11	0	0	0	0	0	0	0	12	0	0	0	0	0	0	0	0	0
AG	2010-06	1.18	3.5	7	0.35	0.31	0.11	5.49	6.14	4.55	0.95	0.63	1.95	0.42	0.09	0.07	6	22	19	0	1	0	0	0	0	0	0	1	0	0	0	0	0	0	0	0	0	0	5	0	0	0	0	0	0	0	0	0	0	3	0	0	0	0	0	0	0	0	0
AG	2010-06	1.21	8	8.25	0.35	0.27	0	5.71	5.9	4.5	1	0.76	1.8	0.36	0.14	0.17	1	4	4	0	0	2	0	0	2	1	0	1	0	0	0	0	0	0	0	0	4	0	5	0	0	30	0	0	0	0	0	0	0	6	0	0	0	0	0	0	0	0	0
AG	2010-06	1.25	3.75	13.25	0.31	0.24	2.56	6.15	6.32	5.9	1.13	0.78	2.5	0.32	0.05	0.09	4	2	1	0	0	0	0	0	0	0	0	0	0	0	0	0	0	0	0	0	0	0	0	0	0	0	0	0	0	0	0	0	0	6	0	0	0	0	0	0	0	0	5
AG	2010-06	1.16	4.25	6.5	0.3	0.32	5.82	6.37	6.56	6	1.4	0.75	1.96	0.31	0.08	0.07	1	13	0	0	0	0	1	0	1	2	0	0	0	0	0	0	0	0	0	0	0	0	4	0	0	8	0	0	0	0	0	0	0	6	0	0	0	0	0	0	0	0	0
AG	2010-06	1.27	4.25	7	0.29	0.33	5	6.81	6.38	6.25	1.51	0.81	2	0.29	0.07	0.04	0	22	0	10	1	0	0	0	0	2	0	1	0	0	0	0	0	0	0	0	0	0	0	0	1	4	0	0	0	0	0	0	0	0	2	0	2	0	0	1	0	0	2
AG	2010-09	1.22	2	5	0.29	0.11	7.19	6.07	6.21	6.6	0.98	0.65	1.89	0.27	0.19	0.08	14	10	72	1	0	2	1	0	0	0	0	4	0	0	0	0	0	0	0	0	0	0	0	0	0	4	0	0	0	0	0	0	0	0	0	0	0	0	0	0	0	0	0
AG	2010-09	1.19	10.5	13	0.3	0.14	2.39	3.79	6.4	6.05	1.48	0.76	1.3	0.19	0.19	0.01	4	15	79	0	0	0	2	0	0	0	0	24	0	0	0	0	0	0	0	0	0	0	0	0	0	13	0	0	0	0	0	0	0	0	0	0	0	0	0	0	0	0	0
AG	2010-09	1.2	7	11	0.3	0.16	2.94	5.06	5.97	6.28	1.05	0.89	1.9	0.21	0.17	0	39	4	21	0	0	0	0	0	0	0	0	0	0	0	0	0	0	0	0	0	0	0	0	0	0	0	0	0	0	0	0	0	0	0	0	0	0	0	0	0	0	0	0
AG	2010-09	1.15	8.5	16	0.27	0.2	4.06	5.18	5.66	5.01	1.08	1.01	2.13	0.28	0.15	0.04	0	1	4	0	0	0	0	0	0	2	0	0	0	0	0	0	0	0	0	0	1	1	2	0	0	89	0	0	0	0	0	0	0	11	0	0	0	0	0	2	0	0	0
AG	2010-09	1.14	15.5	15.5	0.25	0.16	8.93	5.31	5.88	5.15	1	1	2.4	0.25	0.16	0.01	20	4	18	0	0	2	2	0	0	4	0	2	0	0	0	0	1	0	0	0	1	0	6	0	1	92	1	0	0	0	0	0	0	6	0	0	0	0	0	0	0	0	4
AG	2010-09	1.17	10	14.5	0.27	0.13	5.17	5.31	5.94	5.1	0.95	0.65	1.9	0.28	0.15	0.01	11	8	49	0	1	0	0	0	0	0	0	0	0	0	0	0	0	0	0	0	0	0	0	0	0	0	0	0	0	0	0	0	0	0	0	0	0	0	0	0	0	0	0
AG	2010-09	1.17	13.5	15.5	0.34	0.12	4.55	4.17	5.91	6.8	1.15	0.98	2	0.17	0.11	0.03	0	5	62	0	0	1	2	0	0	0	0	3	0	0	0	0	0	1	0	0	0	0	1	0	0	5	0	0	0	0	0	0	0	6	0	0	0	0	0	0	0	0	0
AG	2010-09	1.21	9	9	0.25	0.16	4.89	4.3	5.93	6.55	1.63	0.98	1.09	0.24	0.18	0.06	0	5	0	0	0	0	0	0	0	0	0	4	0	0	0	0	0	0	0	0	0	0	0	0	0	0	0	0	0	0	0	0	0	0	0	0	0	0	0	0	0	0	0
AG	2010-09	1.27	8	12.5	0.15	0.12	4.55	4.8	5.86	7.5	1.38	1.1	1.78	0.28	0.01	0.07	1	26	5	1	1	0	0	0	0	1	0	1	0	0	0	0	0	0	0	0	0	0	0	0	0	2	1	0	0	0	0	0	0	0	2	0	2	0	0	1	0	0	2
AG	2010-12	1.24	7.5	10	0.2	0.44	17.19	4.4	5.24	6.2	1.85	0.65	1.56	0.21	0.12	0.01	3	45	2	0	0	1	4	0	0	0	0	0	0	0	0	0	0	0	0	0	0	0	0	0	0	1	0	0	0	0	0	0	0	0	0	0	0	0	0	0	0	0	0
AG	2010-12	1.25	7.5	9	0.2	0.49	6.33	5.44	6.05	6.6	1.3	0.8	2.15	0.29	0.14	0	0	14	0	0	0	0	10	0	0	3	0	0	0	1	0	0	0	0	0	0	0	0	0	0	0	3	1	0	0	0	0	0	0	0	0	0	0	0	0	0	0	0	0
AG	2010-12	1.15	9	14.5	0.19	0.73	4.89	4.4	4.92	6.9	1.45	0.9	1.73	0.29	0.19	0.01	1	1	1	0	0	0	37	0	0	0	0	0	1	0	0	0	0	0	0	0	0	3	15	0	0	3	0	0	0	0	0	0	0	0	0	0	0	0	0	0	0	0	7
AG	2010-12	1.23	2.5	20	0.17	0.19	7.63	3.98	4.96	5.65	0.9	0.97	2.1	0.35	0.09	0.01	1	4	0	0	0	0	0	0	0	0	0	0	0	0	0	0	0	0	0	0	0	0	0	0	0	0	0	0	0	0	0	0	0	0	0	0	0	0	0	0	0	0	1
AG	2010-12	1	4.5	19	0.14	0.24	13.76	4.19	5.32	5.6	1.18	0.7	2.1	0.31	0.13	0.02	37	0	3	2	0	0	0	0	0	0	0	1	0	0	0	0	0	0	0	0	0	0	0	0	0	0	0	0	0	0	0	0	0	0	0	0	0	0	0	0	0	0	1
AG	2010-12	1.08	4	13	0.15	0.13	5.22	5.44	5.03	5.3	1.05	0.9	1.44	0.27	0.13	0.02	1	17	12	1	0	0	0	0	0	0	0	0	0	0	0	0	0	0	0	0	0	0	0	0	0	0	0	0	0	0	0	0	0	0	0	0	0	0	0	0	0	0	2
AG	2010-12	1.43	13	18.5	0.16	0.27	4.85	2.93	7.36	7.5	1.23	0.9	1.89	0.24	0.11	0.01	0	9	1	0	0	0	0	0	0	0	0	0	0	0	0	0	0	0	0	0	0	1	2	0	0	0	0	0	0	0	0	0	0	0	0	0	0	0	0	0	0	0	0
AG	2010-12	1.25	10	14.5	0.18	0.22	6.89	2.51	5.96	7.15	1.9	0.76	1.93	0.2	0.11	0.01	0	3	1	0	0	0	1	0	0	0	0	3	3	0	0	0	0	2	0	0	0	0	5	0	3	4	0	0	0	0	0	0	0	0	0	0	0	0	0	0	0	0	0
AG	2010-12	1.29	4	8.5	0.15	0.23	4.99	2.51	5.93	8.1	1.73	0.94	2.05	0.2	0.15	0.01	0	72	0	0	0	0	0	0	0	0	0	15	0	0	0	0	0	5	0	0	0	0	4	0	0	18	0	0	0	0	0	0	0	0	0	0	0	0	0	0	0	0	1